77乳加巧克力,22,109,4.95454545455
77大波露巧克力,45,252,5.6
77歐維氏巧克力,45,230,5.11111111111
AE強化蛋,100,103.5,1.34
Extra無糖口香糖,13,40,3.07692307692
Ｅ多鮮乳,100,68,0.4
HOUSE佛蒙特咖哩飯,304,396,1.3374853114
M&M巧克力,50,240,4.8
M&M牛奶巧克力,100,291,4.81
M&M花生巧克力,50,270,5.4
oligo鮮乳,100,117,0.69
OREO奧利奧巧克力三明治餅乾,150,750,5
QQ軟糖,100,221,3.4
一般魚類,35,55,1.57142857143
丁香粉,100,345.5,3.455
丁香魚,97.6666666666667,211.166666666667,2.13337209302333
七七乳加巧克力,100,295,4.84
三合一咖啡,100,189.666666666667,4.33
三合一奶茶,100,448,4.48
三寶飯,640,360,0.125
三層煙肉,100,303,4.04
三文治醬,100,312,3.12
三文魚,100,182,1.82
三明治,116.666666666667,283.333333333333,2.4875
三棘天狗鯛,100,93,0.93
三節翅,67.6666666666667,156.666666666667,20.2955555555667
三角油豆腐,NA,67,NA
三鮮燴飯,376.5,474,1.25490084986
三鮮豆皮,100,238.5,2.385
上校雞塊,100,273.5,2.61
不二家巧克力,26,142,5.46153846154
中國鱟,100,63,0.63
中筋麵粉,100,264.333333333333,3.61
中老年奶粉,100,426.333333333333,4.26333333333333
中華獼猴桃,100,57.6666666666667,0.576666666666667
丹金尼斯巨蟹,100,98,0.98
久保桃,100,41.5,0.415
九孔螺,100,66.5,0.92
九層塔,114.25,37.2,0.32238853503175
乳牛肝菌,100,178,1.78
乳酪,93.6363636363636,172.428571428571,2.05909090909091
乳酪蛋糕,100,290.333333333333,2.8
乳酸球,100,282.5,4.71
乳鴿肉,100,218,2.18
乳黃瓜,100,33.3333333333333,0.333333333333333
乾果片,100,363,3.63
乾海帶,100,113,2.24
乾酪漢堡包,100,282,2.82
乾麵,255,183,1.4
二節翅,100,159,2.275
二鍋頭,100,347,3.47
五月鮮桃,100,40,0.4
五爪蘋果,100,56,0.5
五花肉,70.2,284.166666666667,32.318
五花豬肉,61.5,302,4.359130434785
五香大頭菜,100,52.5,0.525
五香滷蛋,100,144,1.86
五香粉,71.6666666666667,266.666666666667,3.74333333333333
五香豆乾,100,231.5,3.8
五香豆干,63.3333333333333,97.8,1.73296296296333
五香豆豉,100,264.5,2.645
五香醋,100,14,0.14
京八件,100,435,4.35
京式黃酥,100,490,4.9
京白梨,93,55.3333333333333,0.601181434599
人乳,100,65,0.65
人參果,96,82.3333333333333,0.859696969697
人參飲料,100,95,0.56
人心果,92.5,71.5,0.7679411764705
人蔘果,100,70.5,0.83
人造奶油,14.5,100,6.904761904765
什錦炒飯,100,552.666666666667,1.88
什錦炒麵,257,623,1.50194552529
仁瓜太陽魚,100,101.5,1.015
仙人掌果,100,45,0.45
仙女魚,50.5,70,18.52
仙桃,87.5,104.2,0.885
仙草蜜,200,76.6666666666667,0.3083333333335
仿雲呢拿精,100,146.5,1.465
伏特加,63.5,157,2.65148148148
伏蘋果,95.3333333333333,46,0.484418604651
伯朗咖啡,250,103.5,0.428
伯朗咖啡錠,15,62,4.13333333333
低卡洛里奶油,100,122,2.22
低熱量可樂飲料,100,2,0.01
低筋麵粉,100,266.333333333333,3.635
低脂乳酪,100,160.5,2.41
低脂低乳糖奶粉,100,260,4.16
低脂保久乳,100,48.5,0.485
低脂奶,153.333333333333,80.6666666666667,0.528888888889
低脂奶粉,70.7142857142857,225.5,3.86523809523814
低脂牛奶,242.666666666667,86.6666666666667,0.356102003643333
低膽固醇雞蛋,100,110.5,1.43
低鈉鹽,100,5.5,0.11
低鹽醬油,100,42,0.77
佛手瓜,100,20.1428571428571,0.201428571428571
佛羅里達鯧鰺,100,187.5,1.875
保久優酪乳,100,113.5,0.67
保健油,100,463.5,8.83
倭錦蘋果,95.3333333333333,51.3333333333333,0.540465116279
假人蔘,100,32,0.32
健宜可樂,350,10,0.0285714285714
健康醋飲料,100,88,0.52
健怡可口可樂,355,4,0.0112676056338
健素糖,100,232.5,3.88
健脂奶粉,100,312.5,4.81
健達出奇蛋,20,110,5.5
健達巧克力,40,250,6.25
傳統年糕,100,156,2.4
傳統豆腐,100,79,0.88
優格,NA,134,NA
優質葵花油,100,463.5,8.83
優酪乳,107.692307692308,93.625,0.703076923076923
優酪寡糖,100,74.5,0.44
優鮮沛蔓越苺,200,650,3.25
免治牛仔肉,100,158,1.58
免治牛肉,100,226.222222222222,2.26222222222222
免治牛肉漢堡,100,193,1.93
免治羊仔肉,100,221.25,2.2125
免治豬肉,100,254.076923076923,2.54076923076923
免煮飯,100,252,1.68
兒童奶粉,100,440,4.4
兔肉,94.5,106.625,1.14482142857125
全料蒸肉粉,100,342.5,3.425
全脂保久乳,100,93,0.615
全脂優酪乳,227,140,0.616740088106
全脂加糖奶粉,100,490,4.9
全脂即溶奶粉,100,455.5,4.555
全脂奶,128,81.4,0.639
全脂奶粉,66.2,307.363636363636,4.719922077921
全脂牛奶,240,150,0.625
全脂牛奶粉,100,478,4.78
全脂甜煉乳,100,377,3.77
全脂羊乳粉,100,498,4.98
全脂羊奶,170,110,0.6041666666665
全脂軟酪,100,313,3.13
全蛋,50,80,1.6
全雞,67,183,24.6
全麥土司,100,181,2.9
全麥葡萄乾小餐包,30,111,3.7
全麥麵包,25,65,2.6
全麥麵粉,100,214.5,3.58
八寶粥,135,118.555555555556,0.678552631579
八寶菜,100,73.5,0.735
八爪魚,92.6666666666667,127,1.39692307692333
八角,100,277.666666666667,2.77666666666667
公麻鴨,87.6666666666667,360,4.30476190476333
再來米粉,100,316.5,3.52
冬南瓜,100,36.6666666666667,0.366666666666667
冬寒菜,89.5,31,0.3643103448275
冬果梨,97.4,44.6,0.4570574712644
冬瓜,141.25,21.6666666666667,0.16313177506775
冬瓜湯,35,43,2.06
冬瓜糖磚,100,277.5,3.7
冬瓜茶,100,71.6666666666667,0.33
冬筍,155,46.75,0.33
冬粉,23,96.6666666666667,3.47826086957
冬莧菜,100,27.5,0.275
冬菇,96.5,180,1.8862790697675
冬菜,100,48,0.48
冬蟲夏草,100,292,2.92
冬蟲夏草茶,100,44,0.26
冰棍,100,47,0.47
冰棒,100,84,0.84
冰淇淋,86,148.285714285714,1.662045454545
冰淇淋粉,100,350.333333333333,4.095
冰激淩,100,190.25,1.9025
冰磚,100,153,1.53
冰糖,76.5714285714286,302.285714285714,3.93850340136
冷凍木耳,100,28,0.51
冷凍毛豆,100,99,1.32
冷凍洋菇,100,21,0.39
冷凍熟烤雞翅,100,151,2.16
冷凍玉米,100,174,1.74
冷凍竹筍,100,17,0.17
冷凍胡蘿蔔,100,13,0.13
冷凍芋頭,100,113.5,1.47
冷凍花椰菜,100,21,0.21
冷凍荔枝,100,42,0.28
冷凍菜豆,100,61,0.61
冷凍菠菜,100,17,0.17
冷凍薯條,100,120.5,1.56
冷凍豌豆,100,93.5,1.29
冷凍青花菜,100,28,0.28
冷凍饅頭,100,249.5,2.855
冷凍高麗菜,100,35,0.35
凍豆腐,70.5,121.5,1.6106097561
凍頂烏龍茶,100,0,0
凱薩沙律醬,100,326,3.26
刀削麵,100,224.333333333333,2.685
刀豆,84.5,47.75,0.71989130434725
分蔥,100,33,0.33
利馬豆,100,178.888888888889,1.78888888888889
刺兒菜,100,38,0.38
刺梨,100,57.6666666666667,0.576666666666667
刺蛄,100,77,0.77
劍南春,100,267,2.67
劍魚,100,138,1.38
加值活性飲料,100,54,0.32
加州李,83.25,57.3333333333333,5.5345512820595
加州葡萄,52,66,10.06
加拿大豬煙肉,100,171,1.71
加鈣米,100,319.5,3.55
加鈣豆漿,100,98.5,0.58
勁辣雞腿堡,171,420.5,2.44498730744
動物性奶油,100,363,6.79
動物油,5,45,9
包子,100,225,2.25
包心白菜,100,12,0.12
包心菜,145,30,0.206896551724
包種茶,100,8,0.16
北五味子葉,100,70,0.7
北京填鴨,91.6666666666667,424.666666666667,4.71777777777667
北京烤鴨,95,436,4.6325
北鳳菌,100,14,0.14
千島沙律醬,100,251.6,2.516
千張,100,260.666666666667,2.60666666666667
午餐肉,137.5,268.625,2.358125
午餐肚,100,181,1.81
午餐腸,100,261,2.61
半天筍,100,31,0.31
南歐朝鮮薊,100,19.6666666666667,0.196666666666667
南瓜,101,44.1764705882353,0.430866646666882
南瓜仁,100,569,5.69
南瓜子,82.7,383.833333333333,5.377480392157
南瓜子仁,100,569.333333333333,5.69333333333333
南瓜果脯,100,336.5,3.365
南瓜油,100,463.5,8.83
南瓜粉,100,331.5,3.315
南瓜花,100,15,0.15
南瓜葉,100,20.3333333333333,0.203333333333333
南豆腐,100,57,0.57
博伊森莓,100,69,0.69
卡啦雞腿堡,188.5,529,2.4845764143
卡布奇諾,305,123.5,0.409177927928
印度薄脆餅,100,444,4.44
印度蘋果,96.6666666666667,47.3333333333333,0.489629629629667
即溶咖啡,100,230,3.6
即溶檸檬紅茶,100,395,3.95
即食燕麥片,100,259,4.05
卵磷脂沙拉油,100,462,8.8
卷心生菜,100,12,0.12
原味優酪乳,230,180,0.782608695652
原味高湯,100,2,0.02
厥子,100,23,0.23
參杞茶,100,49,0.29
參魚,100,124,1.24
叉燒包,92,248.142857142857,2.6945850202425
叉燒肉,78.5,208.5,3.3135714285725
口蘑,100,253.666666666667,2.53666666666667
口頭魚,78,134,1.86642857143
口香糖,100,222.5,4.24
可口可樂,268.333333333333,121.666666666667,0.448068410462667
可口美酥,150,700,4.66666666667
可可粉,100,275.25,3.36333333333333
可果美蕃茄汁,350,62.6666666666667,0.182857142857
可樂,296.666666666667,124.25,0.399398496240333
可樂果,85,360,4.94117647059
可樂飲料,100,114.5,0.51
可樂餅,100,114,1.14
可爾必思蘇打,350,165,0.471428571429
可莉餅,161.5,178,1.1078803930595
台灣啤酒,100,118.333333333333,0.35
台灣馬加,100,180,1.8
合錦菜,100,75,0.75
吉事漢堡,123,302,2.39024390244
吐司,29,75,2.75862068966
吞拿魚,100,164.076923076923,1.64076923076923
吳郭魚,79,74.6666666666667,1.224655172415
味噌,100,113.5,2.22
味噌湯,58.3333333333333,101.666666666667,2.02282802234667
味精,100,259.75,2.5975
和風海藻沙拉,167.5,57,0.344681085853
和風醬,30,33.5,1.01111111111
咕咾肉,100,183,1.83
咖哩粉,57.5,130.75,4.17
咖哩醬,100,97.3333333333333,0.973333333333333
咖哩飯,585,450.333333333333,0.136752136752
咖啡,2263.75,67.25,0.136866197183
咖啡牛奶,370,181,0.5114285714285
咖啡豆,100,246,3.245
咖啡豆糖果,100,544.5,5.445
咖啡飲料,100,68,0.39
咖喱粉,100,363.333333333333,3.63333333333333
咖喱醬,100,231,2.31
咸沙蔥,100,25,0.25
品客Pringles,190,986,5.18947368421
哈密瓜,244.2,86.7142857142857,0.2928334714168
哈蜜瓜,184.2,44,2.1832967032966
哥打芝士,100,367,3.67
唇指鱸肉,100,121.5,1.215
啤梨,100,50.5,0.505
啤酒,95.1666666666667,101.888888888889,0.789460093896667
啫喱,100,161,1.61
喜樂,100,53,0.53
喬治王鱈魚肉,100,100.5,1.005
單鰭鱈,100,99.5,0.995
嘉寶瓜,100,43,0.43
四季豆,106.538461538462,71.1538461538462,1.74190155997592
四川紅橘,89,40,0.4564102564105
四棱豆,100,145,1.45
四絲馬,50.5,74,19.55
國光蘋果,92.6666666666667,54.6666666666667,0.597435897436
圓白菜,93,22,0.237906976744
圓糯,100,322,3.58
圓糯米,100,323,3.59
圓腿,100,139,1.39
團粉,100,346,3.46
土三七,100,45,0.45
土犢鰆,100,118.5,1.76
土芒果,100,55,0.55
土芭樂,52,56,7.695
土豆,97,76,0.784255319149
土雞皮蛋,100,94.5,1.22
土雞蛋,100,95,1.23
在來米,100,319.5,3.55
地瓜粉,100,336,3.36
地筍,100,60,0.6
地膚,100,61,0.61
地衣,100,8,0.08
埔里米粉,100,319.5,3.55
域哥打芝士,100,146,1.46
培根,36.125,125.7,4.1583991228075
培根蛋餅,138,373,2.72463768116
基圍蝦,86.6666666666667,101,1.23444444444333
堅果饅頭,100,266.5,3.05
堤魚,88,191,2.268125
堿蓬,100,31,0.31
塌棵菜,100,25,0.25
塔希尼芝麻醬,100,590.666666666667,5.90666666666667
塘水蝦,100,96,0.96
塘虱,100,172,1.72
墨式酸辣醬,100,31,0.31
墨式香炒豆醬,100,81,0.81
墨西哥哈拉貝紐辣椒,100,28.5,0.285
墨魚,86,162.363636363636,1.89811783709636
士力架巧克力,58,280,4.8275862069
士多啤梨,100,60.5555555555556,0.605555555555556
士多啤梨乳酪,100,87.5,0.875
壺底油精,100,64,1.17
壺底油膏,100,68,1.24
壽司米,100,315.5,3.51
壽司醋,57.5,77.6666666666667,1.84
壽喜調理包,NA,416.5,NA
夏威夷果仁,83,597.428571428571,9.01714285714286
夏威夷火山豆,100,411.5,7.7
夏枯草,100,60,0.6
多刺龍蝦,100,127.5,1.275
多寶魚,100,106.333333333333,1.06333333333333
多穀類牛乳,100,112,0.66
大北方豆,100,172.25,1.7225
大口逆鉤,50.5,69.5,18.515
大巢菜,100,52,0.52
大排,100,144,2.14
大棗,88,298,3.38636363636
大樹菠蘿,100,94.5,0.945
大洋鱈魚,100,90.5,0.905
大烏,100,168.75,1.6875
大玻璃草葉,100,43,0.43
大白菜,98.2222222222222,16.8888888888889,0.171968265217722
大目鮪,50.5,69.5,18.515
大眼金梭魚,100,157,1.57
大眼鰤鱸,100,106,1.06
大紅菇,100,221,2.21
大肉腸,100,272.666666666667,2.72666666666667
大臘腸,100,267,2.67
大花田菁,100,23.3333333333333,0.233333333333333
大菜,100,166,1.66
大葉芥菜,80.6666666666667,14,0.178122065728
大葱,100,41,0.41
大蒜,88.8888888888889,155.888888888889,1.71581699346444
大蔥,91,32.25,0.3554268292685
大蕉,100,119,1.19
大薊葉,100,35,0.35
大薯,100,89.6666666666667,0.896666666666667
大蝦,100,89.5,0.895
大西洋三文魚,100,207,2.07
大西洋胸棘鯛,100,90.5,0.905
大豆,100,316.6,3.166
大豆卵磷脂,100,216,3.79
大豆沙拉油,54.5,490,8.944444444445
大豆油,43,377,8.60714285714333
大豆濃縮蛋白,100,331,3.31
大豆粉,100,380.333333333333,3.80333333333333
大豆芽,100,106.8,1.068
大里肌,67,144.333333333333,22.8933333333333
大頭菜,125.142857142857,40.8571428571429,0.335693581780571
大頭蝦,100,42.6666666666667,0.93
大餅包小餅,100,373,3.73
大骨汁,100,49,0.49
大麥,100,327,3.27
大麻哈魚,86,141,1.688055555555
大麻油,100,898,8.98
大黃,100,52.6666666666667,0.526666666666667
大黃米,100,349,3.49
天婦羅,100,131.333333333333,1.74
天貝,100,194.5,1.945
太妃糖,100,416,4.16
太陽餅,65,280.666666666667,5.25
夾心餅乾,100,297,4.95
奇寶巧克力豆酥餅,43,150,3.48837209302
奇異果,128.666666666667,54.6923076923077,0.454520911360833
契達乾酪,100,336.5,3.365
奧利多,150,79.5,0.46
奶,100,78,0.78
奶昔,74,186,1.383333333335
奶柿子,100,13,0.13
奶油,67.375,352.9,6.51230519480625
奶油乳酪,12.75,46.5,3.6625
奶油捲,150,490.5,4.87333333333
奶油糖果,100,465,4.65
奶片,100,472,4.72
奶疙瘩,100,426,4.26
奶皮子,100,460,4.6
奶粉,100,226,3.62
奶精,100,270.75,4.93
奶糖,100,407,4.07
奶茶,318,101.8,0.3392365225836
奶豆腐,100,324,3.24
奶酥麵包,47.6666666666667,214,3.56608695652333
奶酪,100,328,3.28
姜,100,33.6666666666667,0.336666666666667
威士忌,83,184.4,2.4575
娃娃菜,100,10.5,0.105
婆羅門參,100,72.6666666666667,0.726666666666667
嫩豆腐,100,57.6666666666667,0.51
孔雀餅乾,135,630,4.66666666667
孕婦乳母奶粉,100,392.5,3.925
宮爆肉丁,100,344.5,3.445
家樂氏玉米片,50,188,3.76
密雲小棗,97.3333333333333,219,2.25202898550667
富士蘋果,100,49.5,0.495
富維它調味乳,100,102,0.6
寒鯛,100,54.5,0.81
寡醣飲料,100,112.5,0.45
寧波年糕,65,116.333333333333,2.19
寶礦力,350,343,0.98
對蝦,87,93,1.12819672131
小三角油豆腐,100,106.5,1.38
小卷,78.75,61.5,1.0778571428575
小天狗剌螺,100,54.5,0.8
小巧香腸,100,256,3.66
小扁豆,100,189.6,1.896
小扁豆芽,100,102.666666666667,1.02666666666667
小排,50.5,168,44.745
小方豆干,100,91.6666666666667,1.6
小旋花,100,54,0.54
小松菜,100,18,0.18
小水蘿蔔,88.6666666666667,19,0.222626262626333
小泥腸,100,295,2.95
小湯圓,32,75,2.3431372549
小玉,100,47,0.32
小玉西瓜,1706.66666666667,307.333333333333,0.184027777778
小番茄,100,41,0.22
小白菜,121.133333333333,20.6,0.466796377365667
小白蕪菁,100,24,0.24
小白豆,100,206.666666666667,2.06666666666667
小管,20.5,55.5,19.9125
小籠包,117,265.625,1.73364969801667
小米,100,361.666666666667,3.61666666666667
小米粥,100,46,0.46
小紅腸,100,280,2.8
小紅莓醬,100,152.5,1.525
小羊羹,100,136.333333333333,2.87
小茴香籽,100,313,3.13
小葉橘,90.5,38,0.4245679012345
小葉芥菜,94,24,0.2563636363635
小蔥,86.5,24,0.284383561644
小蕃茄,2,38,13.5
小薏仁,100,218,3.64
小蘇打粉,100,0,0
小西瓜,100,29,0.29
小西胡瓜,100,22,0.22
小豆粥,100,61.3333333333333,0.613333333333333
小餐包,50,182.5,3.7
小魚干,100,184,3.35
小麥,100,361.5,3.615
小麥粉,100,347.666666666667,3.47666666666667
小麥胚芽,100,289.5,4.14
小麥草汁,208.5,23.6666666666667,0.176577287066245
小麥酒,100,290.5,2.905
小麥麵粉,100,360.333333333333,3.60333333333333
小黃瓜,232.5,29.8,1.53667698303625
小龍蝦,100,79.5,0.795
尖嘴白,93.3333333333333,137,1.48416666666667
尼羅吳郭魚,100,96.5,1.43
山東白菜,316.5,36.6666666666667,0.150046904315
山核桃,83.1111111111111,610.888888888889,10.3381481481556
山楂球,100,370,3.7
山竹,140.714285714286,47.7777777777778,0.459480519480571
山粉圓,100,260,4
山羊肉,87.625,193.5,7.25625
山芹菜,100,27,0.27
山葵粉,100,211,3.84
山薯,100,77,0.77
山藥,92.9090909090909,122.75,1.33491991682191
川七,100,12,0.12
巧克力,95.3333333333333,479.5625,5.244
巧克力棒,82,352.666666666667,5.01219512195
巧克力牛奶,103,145,0.776699029126
巧克力牛奶糖,100,256,4.1
巧克力蛋糕,100,276.666666666667,3.4
巧克力豆奶,100,39,0.39
巧克力飲料,28,100,3.57142857143
巨峰葡萄,100,62.6666666666667,0.505
巴梨,93,47.6666666666667,0.517426160337667
巴沙魚,100,87,0.87
巴西果仁,67,510.666666666667,66.1566666666667
巴雷特香腸,100,286.75,2.8675
布丁,NA,144,NA
布丁牛乳,100,102,0.6
布丁粉,100,241,4.02
布冧,100,58,0.58
布甸粉,100,355.5,3.555
帕爾馬芝士,100,403.666666666667,4.03666666666667
帶子,100,145.666666666667,1.45666666666667
帶魚,95.2,123.2,1.312210526316
干絲,62.5,94.5,2.345
干貝,100,289.333333333333,2.89333333333333
干貝酥,100,101.5,1.45
平菇,98.6,19.6,0.1990107526882
平魚,85,141,1.714285714285
年糕,100,154,1.54
幼滑蝦醬,100,59,0.99
度小月擔仔麵,137.5,213,1.480714285715
庫爾勒梨,97,32.6666666666667,0.335897435897333
廖花糖,100,403.5,4.035
廣式芋頭粿,100,94,1.18
廣式蘿蔔糕,85,125,1.387857142855
廣東粥,282.666666666667,267.4,0.771608754376667
廣東香腸,100,433,4.33
強化ADEF沙拉油,100,463.5,8.83
德國啤酒香腸,100,257.5,2.575
心里美蘿蔔,94,22,0.234318181818
忌廉,100,263,2.63
忌廉芝士,100,243.25,2.4325
忌廉芝士醬,100,295,2.95
快魚,85.5,159,1.91471830986
恩典酥,100,377,5.2
情人果脆冰棒,120,120,NA
情人糖,100,260,4
意大利粉大蒜番茄醬,100,87,0.87
意大利肉腸,100,317,3.17
意大利芥蘭,100,27.5,0.275
意大利辣味香腸,100,453.5,4.535
意式沙律醬,100,165.875,1.65875
意式香腸,100,282.666666666667,2.82666666666667
愛文芒果,52,50,5.2
愛玉凍,100,18.6666666666667,0.27
愛玉子,100,254,4.07
感魚,100,114,1.14
慈姑,97.25,87.25,0.90154494382
慈菇,100,95,0.95
慶豐桃,100,41,0.41
憂鬱管鞭蝦,100,55,0.85
扁圓南瓜,100,16.6666666666667,0.166666666666667
扁蓄菜,100,71,0.71
扁豆,112.6,147.6,1.4337018938508
扇貝,100,182.4,1.824
扒雞,91.5,213.75,2.414393939395
抗氧化奶粉,100,237.5,3.66
披薩,160,130.666666666667,1.221818181818
抱子甘藍,100,38.2,0.382
拉麵,75.6666666666667,273.222222222222,2.98310344827667
拖肥糖,100,515,5.15
掐不齊,100,89,0.89
排骨,64.5,179,2.76931034483
排骨醬,100,120,2.19
排骨麵,NA,493.333333333333,NA
掛面,100,345.5,3.455
掛麵,100,346,3.46
提子,100,58.875,0.665714285714286
提子乾,100,297.5,2.975
提子葉,100,81,0.81
擔仔麵,242.5,172,0.8833179723495
敏豆,78,49.3333333333333,0.884285714285
敗醬,100,54,0.54
散葉甘藍,100,32.3333333333333,0.323333333333333
文旦,145,56.75,0.3705263157895
文蛤,69.5,52.8333333333333,1.34302840434417
文蜆,100,77,0.87
斑節對蝦,100,103,1.03
斑豆,100,179.75,1.7975
斑豆芽,100,34.6666666666667,0.346666666666667
斑駁纓唇牛舌魚,100,92,0.92
斑魚,100,140.5,1.405
新國民便當,350,707.5,2.0242820739
新疆哈蜜瓜,100,43,0.25
新西蘭羊仔前腱肉,100,211,2.11
新西蘭羊仔肋排,100,275.333333333333,2.75333333333333
新西蘭羊仔肩胛,100,273.666666666667,2.73666666666667
新西蘭羊仔腿肉,100,200.166666666667,2.00166666666667
新西蘭羊仔里脊肉,100,252.666666666667,2.52666666666667
新馬鈴薯,100,74.3333333333333,0.743333333333333
方糖,60.5,102.833333333333,3.82976190476
方腿,100,117,1.17
旗魚丸,100,93.6666666666667,1.53
旗魚塊,100,132.5,1.77
旗魚鬆,100,295.5,4.73
日式冷麵,504,564,1.69047619048
日式炸豆皮,100,221,3.85
日式照燒醬,100,89,0.89
日式餃子,NA,55,NA
日本對蝦,100,86,0.86
早桃,100,40,0.4
早秈,100,350.25,3.5025
早酥梨,100,46.5,0.465
早餐煙肉片,100,131.333333333333,1.31333333333333
早餐牛肉條,100,427.5,4.275
旭蟹,100,50.5,0.78
旱久保桃,100,47.5,0.475
旱芹,83,14,0.1760606060605
旱蘋果,100,32,0.32
旺旺仙貝,120,291.666666666667,3.5
明太魚,72.5,88,1.41777777778
明月梨,100,53.5,0.535
明蝦,67.5714285714286,67,1.016399137379
春卷,100,314.25,3.69333333333333
春捲,146,375,2.99235294117667
春捲皮,32,75,2.3431372549
春筍,100,22.5,0.225
昭和草,100,26,0.26
晚桃,100,40,0.4
晚秈,100,343.333333333333,3.43333333333333
普中紅蘑,100,230.333333333333,2.30333333333333
智慧蛋,100,133.166666666667,1.96666666666667
曲奇餅,100,539.333333333333,5.39333333333333
曲拉,100,356,3.56
曼陀珠,37,145,3.91891891892
月餅,100,414.565217391304,4.145
有氧飲料,100,59.5,0.35
朝鮮薊,100,46.3,0.463
朝鮮醬,100,57.5,1.05
木梨,100,30,0.3
木榧,100,539,5.39
木瓜,162.166666666667,86.7222222222222,1.34066939520433
木瓜調味乳,100,168,0.56
木耳,100,104,1.12625
木耳菜,88,20,0.2315789473685
木薯,100,137.6,1.376
木薯布甸,100,113,1.13
木薯布甸粉,100,369,3.69
木薯粉圓,100,248.666666666667,2.48666666666667
木豆,100,268.833333333333,2.68833333333333
未成熟利馬豆,100,100.2,1.002
未成熟四棱豆,100,41.3333333333333,0.413333333333333
未成熟斑豆,100,164.666666666667,1.64666666666667
未成熟膨皮豆,100,48.6666666666667,0.486666666666667
未成熟蠶豆,100,65.3333333333333,0.653333333333333
未成熟黑眼豇豆,100,113.833333333333,1.13833333333333
朱古力,100,478.5,4.785
朱古力味榛子醬,100,530,5.3
朱古力奶昔,100,123,1.23
朱古力布甸,100,116.5,1.165
朱古力布甸粉,100,370,3.7
李乾,100,157,1.57
李子,98.5714285714286,56.1111111111111,0.962189775371143
李子杏,97.3333333333333,35.6666666666667,0.366811594203
杏,99.6086956521739,65.2083333333333,0.674591495461043
杏乳酪,100,85.5,0.855
杏乾,100,334,3.34
杏仁,97.2258064516129,565.4375,5.94046082949323
杏仁果,39,173.4,6.58952380952333
杏仁粉,100,213.5,3.96
杏仁糖,100,525.666666666667,5.25666666666667
杏仁茶,100,71,0.42
杏仁醬,100,633,6.33
杏仁露,100,46,0.46
杏脯,100,235.857142857143,2.35857142857143
杏醬,100,286,2.86
杏鮑菇,76,26,0.356923076923
杜仲,100,117.5,1.175
杜氏橄欖粗皮鯛,50.5,92.5,24.685
東方對蝦,100,84,0.84
松子,86.3,545.25,9.18577419355
松子仁,100,678.333333333333,6.78333333333333
松花蛋,95.5,173.333333333333,1.82576305220833
松蘑,100,158.25,1.5825
板豆腐,NA,72,NA
枇杷,142.25,58.7777777777778,0.43019949066225
枇杷糖,100,254,3.91
枇杷茶,100,51,0.3
果凍,100,99.8571428571429,0.878
果味奶,100,20,0.2
果寡糖,100,165,3
果汁糖,NA,115.5,NA
果汁醋飲料,100,62.5,0.37
果糖,45.6666666666667,112.75,3.20212121212
果菜汁,100,51.5,0.43
果醬,72.6666666666667,137.4,2.74259259259333
枝竹,73.3333333333333,342.333333333333,4.45
枝豆,100,116,1.16
枸杞茶,100,30.5,0.18
枸杞菜,87.25,44.75,0.56198979591825
柏林香腸,100,232.5,2.325
柑橘,100,54.6,0.455
柑橘罐頭,100,52,0.47
柚,100,41.3333333333333,0.413333333333333
柚子,93.8,41.2,0.4488405797102
柳丁,112,58.25,3.6231778228535
柳松菇,100,27.5,0.37
柳橙原汁,248,110,0.443548387097
柳橙汁,428.333333333333,174.4,0.521637426900667
柳葉魚,47,80,1.70909090909
柴魚片,61,156.666666666667,3.67818181818
柿,100,82.8,0.828
柿子,136.666666666667,96.875,0.7379326189035
柿子椒,91,19,0.2141463414635
柿餅,99,209.428571428571,2.36577319587667
栗子,88.5142857142857,206.135135135135,7.49499229237486
栗羊羹,100,301,3.01
核桃,70.1666666666667,474.083333333333,16.4636757105883
核桃乳,100,50,0.5
核桃仁,69,333.75,6.29285714285667
核桃油,100,883.666666666667,8.83666666666667
核桃粒,100,366.5,6.85
核桃薄脆,100,480.333333333333,4.80333333333333
核棗糕,100,286.5,4.22
根芹,100,27,0.27
根芹菜,100,35.2,0.352
桂圓,83.3333333333333,138.666666666667,1.62
桂圓肉,100,314.333333333333,3.14333333333333
桂林腐乳,100,204.666666666667,2.04666666666667
桂格芝麻糊,40,165,4.125
桂竹筍,210,52.5,0.25
桂花大頭菜,100,52,0.52
桂花藕粉,100,344,3.44
桂魚,80.5,117,1.544016393445
桃,98.76,67.0769230769231,0.68581128839464
桃乾,100,139.666666666667,1.39666666666667
桃子,175,63,0.355
桃脯,100,311.666666666667,3.11666666666667
桃酥,82,397.333333333333,4.87333333333333
桃醬,100,273.333333333333,2.73333333333333
桃駁梨,100,44.5,0.445
桑葚,100,89.2727272727273,0.892727272727273
桔子,100,36,0.32
桔柑子,100,43.3333333333333,0.433333333333333
桔餅,100,367.5,3.675
桶柑,150,70.5,0.4
梅,100,75.75,0.7575
梅乾菜,100,37,0.62
梅子醬,76.6666666666667,165,2.28
梅童魚,90.75,119,1.3559126984125
梅花肉,100,274.666666666667,3.355
梗米,100,343.25,3.4325
條紋鱸,100,110.5,1.105
梧桐子,100,556.666666666667,5.56666666666667
梨,100,53.5263157894737,0.535263157894737
梨乾,100,176.333333333333,1.76333333333333
梭倫魣肉,100,190.5,1.905
梭子蟹,83,95,1.27959183673333
棉子油,5,45,9
棉籽油,100,895.75,8.9575
棉花糖,87,287.4,3.394
棒棒腿,100,135.4,1.42
棕櫚油,87,613.111111111111,8.91269841269857
棗,100,196.25,1.9625
棗乾,100,288.5,2.885
棗子,80,45.4,0.448571428571333
棺材板,100,327.5,2.62
植物性奶油,100,360.5,6.74
植物油,36.6666666666667,258.75,9
植物牛油,100,636.454545454545,6.953
椪柑,187.5,69.75,0.3717948717945
椰子,161.6,126,2.1032631578948
椰子忌廉布甸,100,115.5,1.155
椰子忌廉布甸粉,100,411.5,4.115
椰子汁,435,120,0.229885057471
椰子油,37.3333333333333,332.666666666667,8.91814814814833
椰子粉,100,353,6.6
椰子肉,100,473.571428571429,4.73571428571429
椰汁,100,209.666666666667,2.09666666666667
椰漿,100,252.4,2.524
椰絲,100,495,4.95
椰菜,100,21.8333333333333,0.218333333333333
椰菜絲沙律醬,100,314.5,3.145
椰菜花,100,23.2222222222222,0.232222222222222
椿之味薏仁湯,51,192,3.757661290325
楊桃,149.888888888889,66.7692307692308,1.74792890459944
楊桃乾,100,181.5,3.08
楊桃汁,100,51.5,0.44
楊梅,95.5,28.5,0.3003658536585
楓糖,61.5,151.2,2.8251612903225
榅桲,100,57.5,0.575
榆錢,100,39,0.39
榛子,81.25,595.833333333333,10.2628218694917
榛蘑,96.1666666666667,143.666666666667,1.51482683982667
榨菜,145,47,0.316808510638333
榨菜罐頭,100,22,0.22
榨菜肉絲麵,298.5,307,1.2192893401
榴槤,92.4285714285714,117.888888888889,1.47744680851
槐花,100,78,0.78
樂天小熊餅,56,327,5.83928571429
樂陵棗,100,224,2.24
樹子,100,97,1.62
樹薯粉,100,211,3.52
橄欖,93.3333333333333,51.6666666666667,0.5575
橄欖油,56.7,503.1,8.777603174603
橘子,122.25,61.5,2.4697115384625
橘子汁,100,119,1.19
橙,100,48.6666666666667,0.484
橙汁,100,48.5,0.485
橙汁飲料,100,46,0.46
機米,100,347,3.47
橡實,100,231.666666666667,2.31666666666667
橡實南瓜,100,44,0.44
橡果,100,448,4.48
橫山新興梨,150,70,0.4642857142855
檳榔芋,100,88.5,0.885
檸檬,126.222222222222,35.1818181818182,0.326182375129778
檸檬C片,100,217.5,3.96
檸檬原汁,244,60,0.245901639344
檸檬布甸粉,100,370.5,3.705
檸檬汁,100,37.3333333333333,0.26
檸檬汽水,100,38,0.38
檸檬醬,100,291,2.91
櫻桃,102.166666666667,76.8,0.978570482247
櫻桃番茄,100,22,0.22
櫻桃罐頭,100,107,1.59
款冬,100,8.25,0.0825
正牡蠣,100,68.5,0.83
正鰹,50.5,100.5,26.745
歪頭菜,100,66.6666666666667,0.666666666666667
母乳,111.5,72.5,0.6502032520325
母雞,77.3333333333333,256,3.43919191919333
母麻鴨,91.6666666666667,461,5.12222222222333
每日C100%柳橙原汁,220,112,0.509090909091
每日C100%葡萄原汁,220,147,0.668181818182
每日C100%葡萄柚原汁,220,108,0.490909090909
每日C柳橙原汁,315,148.5,0.471729490022
比目魚,86,109.5,1.303055555555
比薩餅,100,230,2.3
毛核桃,100,179,1.79
毛竹筍,83.5,21,0.2617164179105
毛筍,100,21.6666666666667,0.216666666666667
毛蛤蜊,100,97,0.97
毛豆,93.4166666666667,107.166666666667,1.33860470656558
水晶包,100,167,2.09
水晶糖,100,395,3.95
水晶餃,76,81.5,1.68421052632
水果沙律,100,56.5,0.565
水果茶,100,36,0.36
水果軟糖,100,225,4.04
水梨,155,65.4,0.40214285714275
水煎包,NA,323.333333333333,NA
水煮蛋,67.6666666666667,96,1.42647798742
水牛肉,100,115,1.15
水發木耳,100,21,0.21
水芹,80,12.5,0.1683333333335
水芹菜,100,12,0.12
水蘿蔔,100,20.6666666666667,0.206666666666667
水蜜桃,116.25,59.125,4.1785408684545
水蜜桃果汁,100,52.5,0.45
水蜜桃罐頭,80,60.5,0.65
水餃,185,438.333333333333,3
江米,100,348,3.48
江米條,100,439,4.39
江蝦,100,87,0.87
決明子茶,100,37,0.22
汽水,216.5,97.3333333333333,0.36015015015
汽水飲料,100,94.5,0.42
沙丁魚,88.125,122.75,1.44483699921375
沙參葉,100,82,0.82
沙士,100,96.5,0.43
沙士飲料,100,81,0.36
沙拉油,100,481.25,8.905
沙拉醬,25.8333333333333,139.714285714286,5.43166666666667
沙朗,65.5,189.5,2.785322580645
沙朗牛排,70.5,222.5,2.967962184875
沙梭魚,86,122,1.45722222222
沙棘,100,119.5,1.195
沙琪瑪,20,99,4.9
沙甸魚,100,209.333333333333,2.09333333333333
沙茶粉,100,276.5,5.03
沙茶醬,57.5,264,7.215
沙蓬子,100,340.333333333333,3.40333333333333
沙蛤蜊,100,56,0.56
沙鑽魚,100,84,0.84
沙雞,80.3333333333333,147,2.17512195122
河粉,120,320,2.794285714285
河蚌,74.3333333333333,48,0.881739130433333
河蜆,83.75,47,0.688214285715
河蝦,95.3333333333333,86,0.905581395349
河蟹,80.6666666666667,103,1.50412698412667
河鰻,57,127,2.294047619045
河鱸魚,100,104,1.04
油抒,100,145,1.45
油條,87.1666666666667,224.5,3.9236120401345
油炸土豆片,100,612,6.12
油炸脫水甘薯,100,312.5,5.21
油炸花生,55,252.333333333333,6.305
油炸豆瓣,100,405.333333333333,4.05333333333333
油炸豆花,100,401.333333333333,4.01333333333333
油甘魚,100,166.5,1.665
油茶,100,94,0.94
油菜,118.818181818182,81.75,0.717669801462909
油菜仔油,100,463.5,8.83
油菜花,100,31,0.31
油菜薹,100,21.3333333333333,0.213333333333333
油蔥酥,100,282.5,5.14
油角,NA,115,NA
油豆腐,71.2,132.555555555556,2.656476190476
油豆腐粉絲,100,145,1.45
油豆角,99.75,22.75,0.2280555555555
油餅,100,399,3.99
油麥菜,100,21.3333333333333,0.213333333333333
油麵,55.3333333333333,135,2.2556800498
法式沙律醬,100,248.5,2.485
法式羊仔脊排或羊仔架,100,240.333333333333,2.40333333333333
法蘭克福香腸,100,243.692307692308,2.43692307692308
法蘭克褔香腸,100,228.5,2.285
泡沫奶茶,350,165,0.471428571429
泡沫紅茶,77.6666666666667,103.428571428571,2.60194145758533
泡泡糖,89.3333333333333,360,4.16470588235333
泡芙,100,304,5.89
波伏洛芝士,100,330,3.3
波洛尼亞大紅腸,100,278.272727272727,2.78272727272727
波蘭燻腸,100,267.5,2.675
波蘭香腸,100,279.75,2.7975
泥蚶,100,71,0.71
泥鰍,87.75,92,1.09978021978025
泰國芭樂,290,104.4,0.380625
泰山八寶粥,410,280,0.736842105263
洋芋,230,173,0.755
洋芋片,100,506.6,5.625
洋菇,67.3333333333333,18.5,3.50666666666667
洋菇罐頭,100,18.5,0.34
洋菜,100,165,3.06
洋葱,100,99.0714285714286,0.990714285714286
洋葱圈,100,330.75,3.3075
洋蔥,112.384615384615,93.7692307692308,2.06940016315669
洋蔥麵包醬,100,150.5,2.74
洋薑,100,48,0.48
洛神茶,100,112,0.66
津津蘆筍汁,250,90,0.36
活菌發酵乳,100,108.5,0.64
海凍菜,100,314,3.14
海參,122.333333333333,106.666666666667,1.87058797342683
海帶,99.7142857142857,37.7142857142857,0.379387755102
海梨,100,54.3333333333333,0.4
海棠,95.3333333333333,60.6666666666667,0.646279069767333
海棠果,100,74.5,0.745
海棠脯,100,287.333333333333,2.87333333333333
海米,100,196.5,1.965
海苔醬,57.5,92.3333333333333,2.21
海茸,210,52.5,0.25
海蛤,100,20,0.25
海蜇皮,100,30.6666666666667,0.306666666666667
海蜇頭,100,74,0.74
海蝦,83.6666666666667,79,1.04300653594667
海蟹,88.75,91.5,1.1093181818175
海軍豆,100,182.5,1.825
海軍豆芽,100,74.3333333333333,0.743333333333333
海頓芒果,100,60,0.6
海鮮堡,100,145,1.18
海鮮湯,82.5,116.333333333333,1.75
海鮮濃湯,100,579.5,3.41
海鮮炒飯,280,502,1.65714285714
海鮮醬,100,172.75,2.23
海鯽魚,90,206,2.4033333333325
海鰻,91.75,122,1.3702238805975
海鱒,100,118.5,1.185
海鱸,83.5,99.6666666666667,7.10166666666667
涼粉,100,43.8333333333333,0.438333333333333
涼麵,166,322,1.86301724138
淡奶,110,111,1.466666666665
淡水星鱸,100,136,1.36
淡水鱸魚,100,130,1.3
淡煉乳,100,149.5,1.36
淡菜,87.25,217.5,2.383163265305
淮山,100,193,3.51
深海角魚,50.5,54,14.4
混合油,100,609,8.915
混糖糕點,100,453,4.53
清明菜,100,45,0.45
清腿,100,99.5,1.425
清血蛋,100,165,2.13
清香油,100,468.5,8.93
湖青魚,100,137.5,1.375
湖鹽,100,11,0.11
湟魚,100,112,1.12
湯菜,100,23,0.23
溫州餛飩,67.5,97,1.347857142855
溫蒂漢堡薯條,NA,426.5,NA
滷肉飯,320,480.5,1.628125
滷蛋,NA,144,NA
漢堡包,100,272,2.56
漢堡排,137,258,1.13868613139
漢堡肉排,71.5,85,1.16365591398
漢堡肉餅,100,307.666666666667,3.07666666666667
漢堡麵包,27,75,2.77931034483
潺菜,100,21,0.21
澎湖絲瓜,100,18,0.18
澱粉,100,345.625,3.45625
澳洲羊仔前腱肉,100,179.75,1.7975
澳洲羊仔前臂肩胛肉,100,232.25,2.3225
澳洲羊仔後腰脊肉,100,222,2.22
澳洲羊仔肋排,100,234,2.34
澳洲羊仔肩胛,100,235,2.35
澳洲羊仔肩胛板腱肉,100,237,2.37
澳洲羊仔腿肉,100,196,1.96
澳洲羊仔里脊肉,100,190,1.9
濁水米粉,100,319.5,3.55
濃肉汁粉,100,373.5,3.735
灌腸,100,134,1.34
火腿,90.3333333333333,170.470588235294,1.96834757834733
火腿排,100,144,1.44
火腿腸,100,212,2.12
火鍋小香腸,100,160.5,2.47
火雞,67,104.333333333333,14.9033333333333
火雞、豬肉及牛肉香腸,100,171,1.71
火雞內臟,100,164,1.64
火雞心,100,124.5,1.245
火雞皮,100,416,4.16
火雞翼,100,215.666666666667,2.15666666666667
火雞肉,96,163.636363636364,1.69350649350636
火雞肉汁粉,100,388,3.88
火雞肉火腿,100,117.666666666667,1.17666666666667
火雞肉碎,100,192,1.92
火雞肉香腸,100,175.5,1.755
火雞肝,100,186,1.86
火雞肫,100,104,1.04
火雞背肉,100,220,2.2
火雞胸肉,100,147.25,1.4725
火雞胸脯肉,100,103,1.03
火雞腿,100,90.6666666666667,0.906666666666667
火雞腿肉,100,176,1.76
火雞頸肉,100,157.5,1.575
火龍果,160,73,0.4996
灰胡桃南瓜,100,46,0.46
灼菜心,100,17,0.17
炒板條,100,296,1.48
炒牛肉片,250,300,1.2
炒米粉,227.5,218,0.9760101010095
炒肝,100,96,0.96
炒蛋,82,150.8,1.9146875
炒飯,300,588.333333333333,1.83333333333
炸排粉,100,187.5,3.41
炸排骨,100,169,2.51
炸洋蔥圈,NA,277.5,NA
炸糕,100,280,2.8
炸素蝦,100,579,5.79
炸薯條,242.5,205,1.2555780933085
炸蝦,100,250.5,2.505
炸蠶豆,50.5,1167,946.23
炸豆腐,152,257.5,2.54605263158
炸醬麵,385,232.5,0.207792207792
炸雞,140,366.5,2.65611111111
炸雞上腿肉,100,251,2.375
炸雞下腿肉,100,219.5,2.195
炸雞塊,190,433,2.279285714285
炸雞排,500,240,0.16
炸雞粉,57.5,138.333333333333,3.355
炸雞翼,100,299,2.735
炸雞胸肉,100,202,2.02
炸雞腿,187.5,261.666666666667,1.573076923077
炸香腸,35,128,3.65714285714
烏冬,250,182,0.64
烏塌菜,100,16.5,0.165
烏棗,72.6666666666667,228,3.33627118644
烏菜,100,26,0.26
烏賊,83,62.8,1.08970913107575
烏醋,57.5,17.3333333333333,0.41
烏骨雞,82.6666666666667,109.333333333333,1.49416666666667
烏魚,65,121.5,16.9464830508475
烏魚子,59.5,148.666666666667,3.630263157895
烏魚蛋,91,66,0.741369863013667
烏鱧,100,85,0.85
烏龍茶,2900,110,0.241428571428667
烏龍茶茶包,100,183,3.66
烏龍麵,139.5,165,1.131329113925
烘烤黑豆,100,273.5,4.64
烘焙朱古力,100,486.5,4.865
烙餅,100,245,2.45
烤牛肉,80.6666666666667,226.666666666667,2.76579520697
烤牛肉乾,100,192,3.2
烤肉醬,57.5,65,1.58
烤酥油,100,463.5,8.83
烤雞,89.2,240,2.755068493152
烤鴨,88.3333333333333,306.333333333333,3.20692307692333
烤麩,91.4,103.6,1.221570621469
無花果,100,89.6,0.972222222222222
無花果乾,100,205,2.05
無蛋沙拉,100,261,4.75
無鹽醬油,100,30.5,0.56
焦圈,100,537,5.37
焦糖吉士布甸,100,129,1.29
焦糖糖果,100,388.666666666667,3.88666666666667
煉乳,85.8333333333333,254.571428571429,3.26833333333333
煉奶,100,223.333333333333,3.235
煎熱狗,32,89,2.78125
煎蘿蔔糕,192.5,261.5,1.478571428575
煎蛋,100,147.5,1.9
煎釀三寶,NA,204.5,NA
煎餅,100,334.5,3.345
煙燻長串香腸,100,296,2.96
煙肉中薄片,100,315.2,3.152
煙肉漢堡肉餅,100,273.5,2.735
煨牛肉,100,166,1.66
熟水餃,100,295.5,2.275
熟油茶油,100,463.5,8.83
熱可可,109.5,172,4.41025641026
熱狗,75.6,180.142857142857,2.673428571428
熱狗粉,100,194,3.53
燈籠果,100,48.5,0.485
燉燒醬粉,100,377,3.77
燒仙草,230,150,NA
燒仙草茶,100,49,0.29
燒烤醬,100,159,1.59
燒賣,76.6666666666667,146.5,1.83222222222333
燒餅,107.5,216.1,2.534899425287
燒餅油條,NA,374.666666666667,NA
燒鴨,120,356,2.96666666667
燒鵝,93.25,289,3.1572260273975
燕窩,100,11.5,0.18
燕窩飲料,100,35,0.35
燕餃,67,186.2,41.42
燕麥,100,397.5,3.975
燕麥片,100,387.333333333333,3.87333333333333
營養強化汽水,100,103.5,0.46
爆米花,44,224.6,4.65418300653667
爆米花玉米,100,269,3.71
爬景天,100,19,0.19
牙鱈,100,103,1.03
牛T骨排,100,185.5,1.855
牛上前里脊肉,100,183,1.83
牛上前里脊肉排,100,207,2.07
牛上後腰脊肉,100,187.2,1.872
牛上腰,100,153,1.53
牛上腰肉排,100,150.25,1.5025
牛下後腰脊三角,100,175,1.75
牛下後腰脊三角肉排,100,257.5,2.575
牛下後腰脊肉排,100,185.25,1.8525
牛乳,100,63.1578947368421,0.588333333333333
牛仔上後腿肉,100,179.6,1.796
牛仔前後腿腱肉,100,147.25,1.4725
牛仔前臂肩胛肉,100,170.166666666667,1.70166666666667
牛仔後腰脊肉,100,181.333333333333,1.81333333333333
牛仔心,100,145.5,1.455
牛仔肉,100,135,1.35
牛仔肉條,100,139.5,1.395
牛仔肉片,100,130.25,1.3025
牛仔肉粒,100,148.5,1.485
牛仔肋排,100,192.666666666667,1.92666666666667
牛仔肝,100,166.2,1.662
牛仔肥肉,100,356.5,3.565
牛仔肩胛,100,167.25,1.6725
牛仔肩胛肉,100,177,1.77
牛仔肩胛脊底肌,100,170.333333333333,1.70333333333333
牛仔肺,100,97,0.97
牛仔胰臟,100,219,2.19
牛仔胸肉,100,230.666666666667,2.30666666666667
牛仔胸腺,100,113,1.13
牛仔脾,100,113.5,1.135
牛仔腎,100,134.5,1.345
牛仔腦,100,155.666666666667,1.55666666666667
牛仔腿,100,125.5,1.255
牛仔腿肉排,100,137,1.37
牛仔舌,100,166.5,1.665
牛仔里脊肉,100,196.833333333333,1.96833333333333
牛仔里脊肉塊,100,105.75,1.0575
牛前胸扁平肉,100,217.833333333333,2.17833333333333
牛前胸肉,100,249.2,2.492
牛前腿心,100,280.666666666667,2.80666666666667
牛前腿肩胛,100,237.8,2.378
牛前里脊T骨排,100,227.6,2.276
牛前里脊上等腰肉排,100,258,2.58
牛大腸,100,66,0.66
牛奶,105.142857142857,67.4285714285714,0.644033613445429
牛奶布丁,260,320,1.23076923077
牛奶朱古力,100,508,5.08
牛奶粉,100,476.2,4.762
牛奶糖,100,239.5,4.165
牛奶雞蛋布丁,100,105,1.05
牛小排,100,336.666666666667,3.88
牛尾,79,301.5,4.065
牛後腿,100,145.5,1.455
牛後腿上腿肉,100,188.25,1.8825
牛後腿下部,100,186.25,1.8625
牛後腿下部肉,100,160,1.6
牛後腿下部肉排,100,225,2.25
牛後腿外側下部肉排,100,162,1.62
牛後腿眼,100,176.75,1.7675
牛後腿眼肉,100,145,1.45
牛後腿肉,100,124.5,1.245
牛後腿肉排,100,138,1.38
牛後腿股肉,100,103,1.53
牛心,94.5,115.75,1.23607142857125
牛排,84.3333333333333,384.666666666667,4.18
牛排醬,57.5,48.75,1.345
牛柳,100,201.7,2.017
牛柳肉排,100,205.5,2.055
牛油,87.3333333333333,627.1875,7.78733333333333
牛油果,100,238,2.025
牛油植物油混合塗醬,100,736.5,7.365
牛眼睛菌,100,32,0.32
牛絞肉,63.5,154.5,2.62648148148
牛肉,97.5833333333333,145.333333333333,1.50540800879267
牛肉乾,77.1428571428571,255.625,3.30714285714286
牛肉包子,100,267,2.67
牛肉干,61,255,3.7333333333325
牛肉條,87.8333333333333,143.714285714286,1.87049382716
牛肉水餃,100,284.5,2.19
牛肉泡麵,100,389,4.72
牛肉蔬菜湯,434,529,1.60368663594
牛肉辣瓣醬,100,127.666666666667,1.27666666666667
牛肉飯,200,547,2.32
牛肉餡餅,155,354,2.29377104377
牛肉香腸,100,299,2.99
牛肉麵,414.25,677.833333333333,1.866802251742
牛肋骨,100,331.333333333333,3.31333333333333
牛肋骨肉排,100,157.75,1.5775
牛肚,88.1666666666667,75.3076923076923,0.92547008547
牛肝,96.1,149.7,1.548147540984
牛肥肉,100,549.5,5.495
牛肩,100,170.25,1.7025
牛肩前腿心肉,100,209.5,2.095
牛肩前腿心肉排,100,199,1.99
牛肩肉排,100,199.285714285714,1.99285714285714
牛肺,100,97.1666666666667,0.971666666666667
牛胰臟,100,253,2.53
牛胸腹板內側腹橫肌肉排,100,196.333333333333,1.96333333333333
牛胸腹板外側腹橫肌肉排,100,217.666666666667,2.17666666666667
牛胸腺,100,277.5,2.775
牛脂,54.5,491,8.954444444445
牛脾,100,125,1.25
牛腎,94.4285714285714,107.142857142857,1.14449648712
牛腦,100,157.6,1.576
牛腩,64,237.4,26.816105263158
牛腰窩肉排,100,168.5,1.685
牛腱,56.1666666666667,78.8333333333333,10.2353535353533
牛腱子,100,163.5,1.635
牛腿端,100,159.75,1.5975
牛腿端肉排,100,139,1.39
牛腿肉,75,79.3333333333333,1.385
牛臀肉,77.6666666666667,119.333333333333,1.73474747474667
牛臀肉排,100,172.75,1.7275
牛至,100,255.5,2.555
牛舌,92.2222222222222,211.555555555556,2.32296296296333
牛舌餅,88,271,4.22052631579
牛蒡,69.3333333333333,73,10.580634920635
牛蒡根,100,82.6666666666667,0.826666666666667
牛蒡棒,100,71.5,1.15
牛蒡茶,100,20,0.2
牛蒡葉,100,39.5,0.395
牛角麵包,29.5,126,4.255263157895
牛蹄筋,100,118,1.18
牛軋糖,100,298,4.59
牛鞭,100,117,1.17
牛頭魚,100,97,0.97
牡蠣,88.8333333333333,66.1428571428571,0.783167786905667
牡蠣干,100,201,3.35
狀元瓜,100,44,0.28
狀元餅,100,435,4.35
狗母魚,91.75,100,1.1231343283575
狗肉,90,116,1.305
狗芽菜,100,25,0.25
狹鱈,100,97,0.97
狼魚,100,109.5,1.095
猴頭菇,100,16.6666666666667,0.174
獼猴桃,91.5,56,0.6173493975905
玉米,108.5,203.25,2.115275862069
玉米仁,100,314.5,3.7
玉米油,56.1666666666667,499.333333333333,8.82933862433833
玉米濃湯,306.5,196.5,0.6335460238685
玉米片,100,379.666666666667,3.79666666666667
玉米筍,144,26.1428571428571,0.198
玉米粉,100,222,3.7
玉米粒,97,132.75,1.59637362637367
玉米糝,100,322,3.22
玉米醬,100,61,0.61
玉米面,100,340,3.4
玉米麵,100,339.333333333333,3.39333333333333
玉蘭片,100,50.6666666666667,0.506666666666667
玉蜀黍,160,84.5,0.4522727272725
玉豆,100,16.5,0.165
王子麵,50,374.666666666667,4.4
玫瑰桃,100,57.6666666666667,0.51
珍珠丸,100,159,2.195
珍珠丸子,332,797,4.28915662651
珍珠奶茶,335,208.666666666667,0.707489380729
珍珠白蘑,100,227.333333333333,2.27333333333333
珍菇水餃,100,241.5,1.86
班戟糖漿,100,199.5,1.995
球莖茴香,100,10,0.1
琉璃苣,100,23.6666666666667,0.236666666666667
瑞典蕪菁,100,19.5,0.195
瑞典蘿蔔,100,38,0.38
瑞士三角巧克力,75,450,6
瑞士三角牛奶巧克力,50,250,5
瑞士糖,100,242,3.73
瑞士芝士,100,327.25,3.2725
瑪琪琳,7.5,58.2,8.6
瑪瑙石榴,85.6666666666667,66,0.81842105263
瓊脂,100,311,3.11
瓜子,32.25,165.6,22.7076190476175
瓜子鯧,67,121,19.03
瓠瓜,140,32.2,0.1833333333334
瓢兒白,100,16,0.16
瓦罐雞湯,100,244.6,2.446
甘筍,100,55.6923076923077,0.556923076923077
甘納豆,100,196.333333333333,3.14
甘草粉,100,198.5,3.61
甘草糖,100,275.5,2.755
甘蔗,120,59,0.493076923076667
甘蔗汁,180.428571428571,95.7142857142857,0.535667979079857
甘薯,100,98.6666666666667,0.986666666666667
甘薯片,100,341.333333333333,3.41333333333333
甘薯粉,100,336,3.36
甘薯蜜餞,100,258,3.44
甘藍,155,37.25,0.235
甘藷,150,91.3333333333333,0.986666666667
甘藷條,100,144,1.86
甘醋,100,37,0.37
甜不辣,41.8333333333333,111.714285714286,14.7873809523817
甜柿,100,50.3333333333333,0.52
甜椒,123.857142857143,113.285714285714,1.06137506688071
甜瓜,100,26.3333333333333,0.263333333333333
甜甜圈,NA,211.5,NA
甜粟米,100,100.857142857143,1.00857142857143
甜胚子,100,130.5,1.305
甜脆荷蘭豆,100,17,0.17
甜菜根,121.428571428571,57.5714285714286,0.549142857142857
甜菜葉,100,23.75,0.2375
甜豆漿,300,150,0.633333333333
甜豌豆,100,41,0.41
甜車厘子,100,69.2857142857143,0.692857142857143
甜辣醬,55.6666666666667,64,1.16153846154
甜辣黃瓜,100,100,1
甜酒釀,100,176,1.76
甜酸皎頭,100,97.5,0.975
甜酸醬,100,134,1.34
甜醅,100,189.5,1.895
甜麵醬,83,156.2,1.936
生啤酒,100,110,0.49
生抽,100,36.5,0.63
生菜,99.3333333333333,17.3333333333333,0.174255319148889
生蛋黃,19.5,72.5,3.72994652406
生蛋黃含50%水份,25,40,2.1390374331525
生蠔,100,57,0.57
生鹹蛋,100,144.5,1.81
田園沙律醬,100,266.333333333333,2.66333333333333
田螺,81.5,65,1.0769230769225
田雞,76,94.6,1.276
田雞腿,100,77,0.77
甲級龍井,100,309,3.09
甲魚,100,118,1.18
番杏,100,10,0.1
番石榴,103.375,49,0.498251718213
番茄,100,58.8823529411765,0.588823529411765
番茄漿,100,38,0.38
番茄膏,100,74.6666666666667,0.746666666666667
番茄辣椒醬,100,104,1.04
番茄醬,100,59.1428571428571,0.626153846153846
番茜,100,130,1.3
番荔枝,100,91,0.91
番薯,100,93.8181818181818,0.938181818181818
番薯葉,100,34.3333333333333,0.343333333333333
異鱗蛇鯖,50.5,177.5,47.315
發芽豆,100,129.5,1.295
發達芝士,100,256.5,2.565
發酵乳果汁,100,51,0.51
白亞口魚,100,105.5,1.055
白切雞,100,199,1.99
白吐司,40,129.333333333333,2.45
白吞拿魚,100,157,1.57
白土司麵包,100,186.5,2.99
白姑魚,89,150,1.74626865671667
白巧克力,100,295.5,5.63
白帶魚,65.5,86,9.65036885246
白心木薯,100,160.5,1.605
白斑狗魚,100,100.5,1.005
白木耳,98,200,2.041666666665
白木耳罐,100,36.5,0.49
白朱古力,100,535.5,5.355
白果,100,294.428571428571,2.94428571428571
白柚,185,54.75,0.296111111111
白椰菜,100,27.5,0.275
白水羊頭,100,193,1.93
白汁,100,126,1.26
白沙蒿,100,52,0.52
白沙蒿籽,100,412,4.12
白海參,100,32.3333333333333,0.415
白牛肝菌,100,105.666666666667,1.05666666666667
白玉米,100,82.5,0.66
白瓜子,100,305.5,5.74
白甘筍,100,68,0.68
白甜粟米,100,84.3571428571429,0.843571428571429
白甜粟米濃湯,100,72,0.72
白皮蛇瓜,100,19,0.19
白砂糖,100,398.333333333333,3.98333333333333
白筍,100,239,2.39
白米蝦,100,81,0.81
白米飯,205,225,1.09756097561
白粉桃,100,25.5,0.255
白糖,100,273.333333333333,3.815
白胡椒,100,343.666666666667,3.43666666666667
白胡椒粉,57.5,140.333333333333,3.385
白脫,100,744,7.44
白色洋葱,100,37.6666666666667,0.376666666666667
白芝麻,100,414.666666666667,5.985
白芝麻糖,100,336,5.17
白菜,100,98.1428571428571,1.12
白菜薹,100,26,0.26
白葡萄,100,50.5,0.46
白葡萄酒,101.75,151.4,0.7544158878505
白薯,88,101.5,1.15465116279
白薯葉,100,58.6666666666667,0.586666666666667
白蘑菇,100,27.5714285714286,0.275714285714286
白蘭地,83,185.8,2.47
白蘭瓜,85,21.6666666666667,0.273939393939333
白蘿蔔,127.857142857143,29.625,0.209122807017429
白豆,100,181.25,1.8125
白醋,100,26.75,0.06
白金瓜,100,24.5,0.245
白飯,170,241.875,1.318611111111
白馬鈴薯,100,81.5,0.815
白鮭,100,138,1.38
白鯧,68.6666666666667,150,7.61
白鯧魚,51,86,16.2861538461533
白鳳豆,100,25,0.25
白鶴靈芝飲料,100,26,0.26
白麵包,25,75,3
百合,95,255.142857142857,2.61296703296714
百崴啤酒,350,142,0.405714285714
百里香,100,188.5,1.885
百頁豆腐,100,144,2.14
百香果,93.6666666666667,59.625,2.5219099535635
皇冠菜,100,40,0.4
皇帝豆,210,86,0.665
皮蛋,56,99.5714285714286,1.95141793968
皮蛋瘦肉粥,352,294,0.756546458739
皺葉椰菜,100,24,0.24
盒裝豆腐,400,202.5,0.63
盲曹魚柳,100,101,1.01
相模角蝦,100,48,0.74
眉豆,100,324.666666666667,3.24666666666667
真烏賊,100,49.5,0.71
矮豇豆,100,192.333333333333,1.92333333333333
石斑,100,105,1.05
石斑魚,78.5,85,1.17061403509
石榴,108.333333333333,69.2857142857143,0.675
石狗公,100,107.5,1.075
石螺,100,90,0.9
石首魚,100,162.5,1.625
石首魚肉,100,111.5,1.115
硬人造牛油,100,730,7.3
硬式牛奶冰淇淋,133,270,2.03007518797
硬皮糕點,100,465.333333333333,4.65333333333333
硬糖,100,355,3.55
硬豆腐,100,122,1.22
碎芝麻蜂蜜糖,100,476,4.76
碗粿,140,108,0.571428571429
碗糕,100,332,3.32
碗豆仁,92.5,82,0.8817647058825
碧根果仁,100,708.833333333333,7.08833333333333
磚茶,100,206,2.06
磨盤柿,100,77.5,0.775
磨菇,100,36,0.36
礦泉水,100,0,0
礦物質飲料,100,78,0.46
祝光蘋果,95.3333333333333,47.6666666666667,0.501627906976667
福來酥,100,465,4.65
福橘,83.5,45,0.5608208955225
福氏厚唇鯔,100,166.5,1.665
秈米,100,345.25,3.4525
秈米粉,100,352,3.52
秋刀魚,24.6,127.8,37.670562770562
秋葵,100,27.5,0.275
秋蛤蜊,100,89,0.89
秋黃瓜,100,12,0.12
稀飯,195,110.5,0.5697142857145
稻米,100,343,3.53166666666667
穀類早餐食品,100,240.5,3.85
空心菜,103.333333333333,42.6666666666667,2.0728567631195
章魚,85.5555555555556,60.9,0.764656084656111
童子雞肉,100,177.25,1.7725
竹筍,90,59.6,0.7798612743175
竹筍罐頭,100,34,0.34
竹芋粉,100,352.5,3.525
竹輪,100,69,1.36
竹鮫,100,148.5,1.485
筊白筍,100,22,0.22
筍乾,65,80,1.733333333335
筍瓜,100,32,0.32
筍茸,100,127.5,2.3
筒仔米糕,176.666666666667,292.166666666667,1.59747474747467
節瓜,100,13.5,0.135
米布甸,100,119.5,1.195
米果,100,267,4.86
米漿,170,95.6666666666667,0.6070833333335
米漿粉,100,264.5,4.41
米漿飲料,100,120.5,0.71
米粉,515.714285714286,233.2,2.67552358648316
米粉湯,257,544.5,3.51750972763
米糠油,69.6666666666667,619.333333333333,8.88962962963
米花糖,100,384.333333333333,3.84333333333333
米苔目,92.75,92.2,1.04103021978025
米諾蝦,100,48,0.74
米豆,100,214.5,3.58
米豆醬,100,76.5,1.28
米酒,100,82.25,1.395
米酒頭,100,142.5,2.38
米飯,100,115.4,1.154
粉條,100,337.25,3.3725
粉皮,100,62.5,0.625
粉紅三文魚,100,138.25,1.3825
粉紅豆,100,213.666666666667,2.13666666666667
粉絲,100,304.6,3.46
粉葛,100,122.5,1.225
粉豆,100,26,0.26
粒舒糖,100,248.5,3.83
粗梨,52,59,8.375
粗梨罐頭,100,29,0.29
粗皮龍蝦,100,59,0.91
粟米油,100,892.5,8.925
粥,134,75,0.5597202797205
粳米,100,343.714285714286,3.43714285714286
精鹽,100,5.5,0.055
糖,100,208.5,3.87
糖漿,31,65,2.58064516129
糖炒栗子,43.5,92,2.157602663705
糖粉,60.5,234.5,3.84976190476
糖蒜,87,114,1.34027027027
糖醋醬,57.5,54.6666666666667,1.35
糙米,100,333.666666666667,3.59
糙米漿,100,122,0.72
糙米片隨身包,100,261.5,4.09
糙米粉,100,235.5,3.93
糙米麩,100,237,3.95
糟豆腐乳,100,156.333333333333,1.56333333333333
糯小米,100,258,3.69
糯米漿,100,86.5,0.51
糯米粉,100,216,3.6
糯米醋,100,16.5,0.3
糯高梁,100,217,3.62
紅三文魚,100,179.285714285714,1.79285714285714
紅元帥蘋果,94.6666666666667,59.3333333333333,0.630793650793667
紅土花生,100,312.5,5.79
紅奶漿菌,100,13,0.13
紅娘魚,100,105,1.05
紅富士蘋果,95,46.3333333333333,0.489803921568667
紅小豆,100,309,3.09
紅心蘿蔔,100,39.5,0.395
紅星蘋果,95,57.3333333333333,0.606862745098
紅果,97,136.75,1.405
紅果腸,100,260,2.6
紅柿,75,53.3333333333333,0.8
紅梗珍珠菜,100,34,0.34
紅棗,38.25,95.4,21.72074074074
紅椰菜,100,31.8333333333333,0.318333333333333
紅毛丹,107.5,75.1666666666667,0.720632183908
紅燈籠椒,100,59.7272727272727,0.597272727272727
紅燒牛肉,64.5,59,1.191518847009
紅燒鴨,100,338,3.38
紅玉蘋果,94.6666666666667,46,0.487301587301667
紅玫瑰葡萄,100,39.5,0.395
紅番茄,100,26.125,0.271428571428571
紅皮馬鈴薯,100,70,0.7
紅砂糖,57.5,161,3.925
紅粉皮石榴,100,69,0.69
紅糖,100,384.5,3.845
紅肖梨,95.6666666666667,32,0.334942528735667
紅腰豆,100,165.428571428571,1.65428571428571
紅花子油,5,45,9
紅花油,69.6666666666667,626,8.95629629629667
紅花籽油,100,674,8.84
紅茶,2733.33333333333,136,1.09666666666667
紅茶茶包,100,181,3.62
紅莧菜,100,23,0.235
紅菜薹,100,41.6666666666667,0.416666666666667
紅菜豆,250,52.5,0.225
紅菜頭,100,36.6666666666667,0.366666666666667
紅葡萄酒,102,86.2,0.8474545454546
紅葱頭,100,121.25,1.2125
紅蔥頭,100,81,0.81
紅蘿蔔,75.75,24.5,3.235833333325
紅蘿蔔麵,100,350,3.5
紅螺,85,119,1.51454545454667
紅蟳,100,92,1.42
紅西瓜,155,61,3.25
紅覆盆子,100,97,0.97
紅豆,92.3,215.916666666667,2.428826086957
紅豆沙,100,167,1.67
紅豆湯,100,72,0.72
紅豆湯圓,137.5,60,3
紅豆球,100,208.5,3.48
紅豆糊,100,402,4.02
紅豆餡,100,251.333333333333,2.51333333333333
紅豆麵包,NA,305,NA
紅辣椒,100,82.8,0.828
紅酒醋,100,9.5,0.095
紅面正番鴨,50.5,154.5,43.62
紅面番鴨蛋,100,158,1.98
紅香蕉蘋果,95.6666666666667,49.6666666666667,0.521072796935
紅馬鈴薯,100,79.5,0.795
紅鱒魚,78.5,99,1.36342105263
紅鱸,100,117,1.17
納沙特爾芝士,100,287,2.87
納豆,75.5,156,2.040392156865
純淨水,100,0,0
純米醋,100,13,0.24
純芝麻油,100,463,8.82
素什錦,100,173,1.73
素大腸,100,153.666666666667,1.53666666666667
素沙茶醬,57.5,311,6.725
素火腿,100,221.25,2.2125
素肉燥,100,287,4.79
素肉羹,100,93,0.62
素肉鬆,100,265,4.53
素菜包,100,226,2.26
素雞,75.5,143.125,1.792685185185
素雞塊,100,153.5,2.05
素雞絲卷,100,191.5,1.915
素食全雞,100,158.5,2.27
素食水餃,100,204.333333333333,1.73
素食烏醋,100,25.5,0.47
素食高湯,100,17,0.17
紫布冧,100,62.75,0.6275
紫甘藍,100,28,0.28
紫紅糯米,100,343,3.43
紫背天葵,100,12,0.12
紫菜,85,136.142857142857,1.93
紫菜湯,130,43,4.012
紫葡萄,100,44,0.44
紫蘇,143,101.666666666667,0.866448326055333
紫酥梨,86.3333333333333,48.3333333333333,0.592203389830667
紫雪糕,100,228,2.28
細香葱,100,102.25,1.0225
細香蔥,100,26.3333333333333,0.263333333333333
結球甘藍,100,14.3333333333333,0.143333333333333
統一AB乳果,100,92,0.92
統一乳果,100,92,0.92
統一布丁,100,253.333333333333,1.9
統一果汁牛奶,250,178,0.712
統一糙米漿,475,311,0.6516666666665
統一肉燥麵,85,407,4.78823529412
絲瓜,129.461538461538,31.8461538461538,0.272381835032462
絲瓜花,100,31,0.31
綜合穀類粉,100,248,4.14
綜合維他命飲料,100,91.5,0.54
綠棗,113.333333333333,50.5,5.60943362515633
綠皮蛇瓜,100,32,0.32
綠茶,100,184.75,2.04333333333333
綠茶茶包,100,179.5,3.59
綠薄荷,100,164.5,1.645
綠蘆筍果汁,100,61,0.35
綠蘆筍罐頭,100,20,0.2
綠豆,100,266.285714285714,2.66285714285714
綠豆仁,100,205,3.42
綠豆凸,100,314,3.545
綠豆沙,96.6666666666667,184.666666666667,1.87629629629633
綠豆湯,160,59,0.59
綠豆球,100,205.5,3.43
綠豆粉,100,206,3.44
綠豆糕,100,366.25,3.6625
綠豆芽,89.2222222222222,26.5555555555556,1.59481481481111
綠豆餅,100,122,1.22
綠豆麵,100,335.5,3.355
綠青鱈,100,105,1.05
綠鰭馬面豚,100,83,0.83
維力炸醬麵,90,403,4.47777777778
維大力,350,260,0.742857142857
維生素C飲料,100,96.5,0.57
綿白糖,100,396,3.96
線紋鸚哥魚,100,64,0.805
線鮫,100,119.5,1.195
罐裝玉米,85,80,0.941697825786
羅勒,100,67.2,0.672
羅氏沼蝦,100,53.5,0.83
羅非魚,85,91,1.17727272727333
羅馬諾芝士,100,381.5,3.815
羊乳,127,116.5,0.629921259843
羊乳片,100,252.5,3.8
羊乳酪,100,250,2.5
羊仔下腿肉,100,178.5,1.785
羊仔帶骨厚肉塊,100,223.75,2.2375
羊仔後腿,100,177.75,1.7775
羊仔心,100,153.75,1.5375
羊仔肉,100,170.333333333333,1.70333333333333
羊仔肉塊,100,189,1.89
羊仔肝,100,191.8,1.918
羊仔肥肉,100,546.5,5.465
羊仔肩肉,100,189.25,1.8925
羊仔肺,100,104,1.04
羊仔胰臟,100,193,1.93
羊仔脾,100,128.5,1.285
羊仔腎,100,118.25,1.1825
羊仔腦,100,159.4,1.594
羊仔腰肉塊,100,262.5,2.625
羊仔腰脊眼肉,100,181.5,1.815
羊仔腿,100,178,1.78
羊仔臀肉,100,179.5,1.795
羊仔舌,100,243.75,2.4375
羊仔蝶形肉排,100,181.5,1.815
羊仔里脊肉,100,139,1.39
羊大腸,100,72.5,0.725
羊奶,148,107.8,0.7466666666666
羊奶保久乳,100,119.75,0.705
羊奶粉,100,384.666666666667,5.015
羊心,100,113,1.13
羊油,100,859.5,8.595
羊肉,92.2727272727273,158.272727272727,1.72886620625227
羊肉串,100,209.222222222222,2.09222222222222
羊肉手抓,100,188,1.88
羊肉片,100,93.5,1.18
羊肚,100,87,0.87
羊肚菌,100,303.666666666667,3.03666666666667
羊肝,100,134,1.34
羊肥肉,100,624.5,6.245
羊肺,100,96,0.96
羊脂,54.5,491,8.954444444445
羊腎,100,94,0.94
羊腦,100,142,1.42
羊腿,100,191.333333333333,1.91333333333333
羊腿肉,78,182.5,2.29784589892
羊腿藜,100,35.6666666666667,0.356666666666667
羊舌,100,225,2.25
羊血,100,57,0.57
羊角豆,94,37,0.3952272727275
羊蹄筋,100,115.4,1.154
美乃滋,15.5,68.3333333333333,5.125
美味香酥卷,100,368,3.68
美國空心菜,100,22,0.22
美國芹菜,100,13,0.13
美極鮮味露,100,44.5,0.81
美洲西鯡,100,224.5,2.245
美洲龍蝦,100,94,0.94
美濃瓜,100,61.75,0.38
義大利肉醬麵,248,353.333333333333,1.33064516129
義大利麵,216.666666666667,367,2.86294326241
義美ChocoRoll巧克力捲,156,620,3.97435897436
義美健康取向全麥蘇打餅,190,1022,5.37894736842
義美健康取向蘇打餅,190,959,5.04736842105
義美巧克力泡芙,65,344,5.29230769231
義美檸檬夾心酥,180,906,5.03333333333
義美牛奶小泡芙,65,352,5.41538461538
義美牛奶糖,40,405.5,4.275
羽扇豆,100,202,2.02
羽衣甘藍,100,31.2857142857143,0.312857142857143
翠玉瓜,100,16.5555555555556,0.165555555555556
翠玉白菜,100,21,0.21
翠玉白菜芽,100,72.5,1.2
老婆餅,46,221,4.17391304348
聖女小番茄,NA,29.5,NA
聖女蕃茄,100,48,0.35
肉包,270,140,0.296296296296
肉圓,232.5,253.25,0.784589041096
肉燥,100,236,3.94
肉燥米粉,65,254,3.90769230769
肉眼牛柳,100,148.5,1.485
肉粽,100,349.5,2.33
肉絲麵,NA,420,NA
肉羹米粉,350,215,0.228571428571
肉醬,65,164,3.063333333335
肉雞,91.3333333333333,389,4.34558558558667
肉鬆,12.5,78,5.183333333335
肉鬆三明治,60,267,3.4
肉鬆蛋三明治,140,395,3.17142857143
肉鬆麵包,NA,323.333333333333,NA
肝泥醬,100,290.5,2.905
肝泥香腸,100,321,3.21
肥豬肉,100,705.333333333333,7.05333333333333
肯德雞,100,279,2.79
肯德雞炸雞,NA,238.666666666667,NA
胖頭魚,100,100,1
胚芽米,100,321,3.57
胚芽米果,100,272,4.95
胡枝子,100,117,1.17
胡椒粉,100,325,3.25
胡蘿卜,96.5,40,0.4143578178695
胡蘿蔔,106.214285714286,77.6666666666667,0.794313021600429
胡蘿蔔素飲料,100,66,0.39
胡蘿蔔纓,100,44,0.44
胡麻油,100,750,7.5
胡麻籽,100,420,4.2
脆皮雞翅,76,235,3.09264069264
脫脂優酪乳,228.5,139.5,0.6101130051715
脫脂奶,128,49.3333333333333,0.3386666666666
脫脂奶粉,54.625,171.111111111111,3.2059740259725
脫脂淡奶,100,77,0.77
脫脂牛奶,243.333333333333,86.6666666666667,0.356292517006667
脫脂高鈣奶粉,100,225,3.6
脫脂高鈣鮮乳,100,71,0.42
腐乳,100,140.3,1.403
腐竹,100,441.5,4.415
腐竹皮,100,489,4.89
腦豆,100,361.5,3.615
腰果,86.0588235294118,424.95,5.58071339173941
腰果醬,100,587,5.87
腰豆,100,201.4,2.014
腰豆芽,100,31.6666666666667,0.316666666666667
腸仔,100,245,2.7
膠姆糖,100,368,3.68
膨皮豆,100,192.666666666667,1.92666666666667
膽肝,42.5,102.5,2.35
臍橙,100,45.5,0.455
臘羊肉,100,246,2.46
臘肉,74.6666666666667,262.714285714286,3.83412698412667
臘腸,100,584,5.84
臭豆腐,135.333333333333,143.5,1.00641543983017
臭都魚,100,164,1.64
舌鰨,100,83,0.83
舒跑,350,90,0.257142857143
色拉油,100,898,8.98
艾窩窩,100,190,1.9
芋仔餅,100,280.5,3.51
芋泥包,100,215,2.6
芋莖,100,21.6666666666667,0.225
芋頭,94.2142857142857,95,1.03250154607329
芋頭粿,100,76.5,0.96
芋頭葉,100,30,0.3
芋頭酥,71,212,2.80281690141
芒果,102,79.1578947368421,0.609378531073429
芒果乾,78.3333333333333,166.25,2.73190476190333
芒果汁,100,52.5,0.44
芒果青,100,130,2
芝士醬,100,197.666666666667,1.97666666666667
芝多司,75,360,4.8
芝麻,69.1666666666667,349,29.565714285715
芝麻仁,100,588.333333333333,5.88333333333333
芝麻包,90,303.333333333333,3.5
芝麻南糖,100,541.333333333333,5.41333333333333
芝麻油,87,777.428571428571,8.92984126984143
芝麻湯圓,46.6666666666667,211.25,3.51
芝麻籽,100,535.75,5.3575
芝麻糊,100,335.666666666667,2.76
芝麻醬,89.375,483.666666666667,6.065
芡實,100,187,3.4
芡實米,100,227.4,2.274
芥末,100,483,4.83
芥花油,100,463.5,8.83
芥花籽油,100,890,8.9
芥茉醬,100,40.5,0.77
芥菜,104.210526315789,20.0526315789474,0.192105263157895
芥菜乾,100,168.5,1.685
芥菜頭,96.6,34.6,0.3595180722892
芥藍,108.285714285714,24.5714285714286,0.224798534798571
芥藍菜,155.666666666667,45.3333333333333,0.286541822721667
芥藍菜嬰,100,26,0.26
芥蘭,100,21.5,0.215
芥蘭頭,100,33,0.33
芫荽,100,25.5,0.255
芬達,350,115,0.328571428571
芭樂,158.333333333333,77.75,0.411860465116333
芭樂汁,100,50,0.41
芭蕉,93.6,181,2.194588235294
花卷,100,234,2.34
花尾鷹羽鯛,100,116,1.16
花枝,61.6666666666667,55.6,1.170634920635
花枝丸,65.6666666666667,114,2.38464387464333
花枝塊,100,145,1.79
花枝羹,100,135,1.25
花枝餃,100,81,1.67
花椒,100,287,2.87
花瓜,100,53,0.82
花生,90.72,448.964285714286,5.4926414081976
花生仁,100,571.428571428571,5.71428571428571
花生仁湯,340,104,1.06
花生果醬,100,338.5,6.27
花生油,60.2727272727273,466,8.80426734881273
花生湯圓,60,257,3.46
花生牛軋糖,100,432,4.32
花生米,100,304,5.63
花生粉,48.4285714285714,215,4.98261904761857
花生糖,100,460.25,5.735
花生貢糖,100,495,4.95
花生醬,84.6470588235294,471.368421052632,6.06661764705882
花生麵筋,100,140,2.19
花粉,100,189.5,3.61
花胡瓜,100,15,0.15
花腹鯖,50.5,97,25.72
花茶,100,281,2.81
花菜,161.5,41.25,0.2500675675675
花葉蘿蔔,100,45.5,0.455
花蓮豆,100,36.5,0.49
花蛤蜊,100,45,0.45
花蟹,100,96,0.96
花豆,91,194.555555555556,2.46353460972014
芸豆,99.5555555555556,255.444444444444,2.55560185185189
芹菜,112.153846153846,19.2307692307692,0.172181449440692
芹菜莖,100,21,0.21
芹菜葉,100,32.3333333333333,0.323333333333333
苔菜,100,154.333333333333,1.54333333333333
苜蓿,100,55.2,0.552
苜蓿籽,100,342.333333333333,3.42333333333333
苜蓿芽,100,22.4,0.2275
苤藍,94.5,30.5,0.32615384615375
苦瓜,124.181818181818,27.9090909090909,0.633518635960636
苦瓜莢,100,18.3333333333333,0.183333333333333
苦瓜葉,100,32,0.32
苦苣,100,15.5,0.155
苦苣菜,100,29,0.29
苦茶,100,20,0.12
苦茶油,100,463,8.82
苦茶糖,100,255,3.93
苦菜,100,36.25,0.3625
苦豆子,100,241,2.41
英式喼汁,100,76.5,0.765
茄子,108.846153846154,26.1153846153846,0.562324272163115
茄汁,100,97,0.97
茄汁蝦仁,100,116.5,1.06
茅屋芝士,100,96.6,0.966
茉莉花茶,100,49,0.28
茭白,93.5,23.75,0.25770270270275
茭筍,88.5,24,0.2773376623375
茯苓夾餅,100,332,3.32
茴香,120.571428571429,32.5714285714286,0.261306755260286
茴香籽,100,291.25,2.9125
茵陳蒿,100,56,0.56
茶樹菇,100,279,2.79
茶油,100,899,8.99
茶湯,100,92.5,0.925
茶發酵飲料,100,69.5,0.41
茶碗蒸,126.666666666667,102.333333333333,0.768461538461667
茶磚,100,218.666666666667,2.18666666666667
茶腸,100,329,3.29
茶葉蛋,100,112,1.32
茼萵,100,21.3333333333333,0.213333333333333
茼蒿,95.5,20.5,0.216524390244
草對蝦,100,63.5,0.98
草梅李,100,148.5,2.38
草莓,123.181818181818,56.6923076923077,1.54839534717082
草莓果醬,78.75,164.5,2.24
草莓棒,63,304.333333333333,4.75869918699333
草莓醬,100,269.333333333333,2.69333333333333
草菇,100,25,0.25
草菇罐頭,100,23,0.31
草蝦,47.3333333333333,63.3333333333333,1.54742547425267
草魚,93,127.571428571429,1.49017241379333
荊豆,100,401.5,4.015
荔枝,98.3076923076923,74.8333333333333,1.76032589661962
荔枝罐頭,100,53,0.5
荷包蛋,75,130.8,1.7625
荷柿,100,61,0.61
荷蘭球形芝士,100,353.5,3.535
荷蘭豆,98,34.1666666666667,0.347803030303
荷蘭豆菜心,100,30,0.3
荸薺,94.5,56.75,0.6091025641025
荸齊,104.666666666667,77,0.730584795321667
莙薘菜,100,19.6666666666667,0.196666666666667
莧菜,119,30.2307692307692,0.271730413237308
莫澤雷勒芝士,100,273.875,2.73875
菊芋,100,41.5,0.415
菊花,145,188,1.72680851063833
菊花茶,100,49,0.29
菊苣,100,18,0.18
菜心,100,23.5,0.235
菜瓜,96,18,0.188181818181667
菜籽油,100,894.75,8.9475
菜肉餛飩,100,213.5,2.44
菜花,97.4285714285714,102.285714285714,1.03038327526129
菜豆,58,47.6666666666667,4.14225352112667
菠菜,113.285714285714,47.1071428571429,0.684174469413107
菠菜麵,100,353,3.53
菠蘿,97.8666666666667,56.125,0.5781960784314
菠蘿蜜,100,103.666666666667,1.03666666666667
菠蘿蜜子,100,162.5,1.625
菠蘿蜜罐,100,80,0.97
菠蘿麵包,47.6666666666667,264.142857142857,3.61275362319
華青雞,100,158,1.58
菱角,89.2857142857143,86,1.10378013341229
菲力,66,112,1.97
萊陽梨,93.3333333333333,50.6666666666667,0.5475
萵筍,90.5,14.25,0.16395161290325
萵筍葉,97.8,17.2,0.1764494382022
萵苣,100,20.3333333333333,0.203333333333333
落葵,100,21,0.21
葛,100,147.5,1.475
葡萄,134.166666666667,68.8,1.93324967345308
葡萄乾,70.8,238,3.402333333334
葡萄乾麵包,65.5,170,2.590322580645
葡萄原汁,216,395,1.8287037037
葡萄果醬,100,196.333333333333,1.96333333333333
葡萄柚,262.625,93.8181818181818,1.43733729527838
葡萄柚汁,354.666666666667,105,0.315587828492333
葡萄汁,227.5,95.75,0.376971830986
葡萄籽油,100,716.2,8.8425
葡萄糖,62,117,2.436666666665
葡萄酒,100,88.2,0.877142857142857
葫子,100,28,0.28
葫蘆,97.4,17,0.174183908046
葫蘆條,100,237.5,2.375
葫蘆瓜,100,20,0.2
葱,100,38,0.38
葵瓜子,57.5,216,4.266666666665
葵花仁,100,595.714285714286,5.95714285714286
葵花子,80.3,555.1,22.55661538462
葵花子仁,100,609,6.09
葵花子油,100,893,8.93
葵花油,30.4,228.333333333333,8.615206349206
葵花籽油,100,899,8.99
蒔蘿葉,100,148,1.48
蒙特利芝士,100,341.5,3.415
蒜,79,58,0.869655172415
蒜味豆豉醬,100,147,2.68
蒜味香腸,100,301.5,4.31
蒜腸,100,305,3.05
蒜苗,109,48.5,0.435175007919
蒜蓉辣醬,100,87,0.87
蒜蓉醬,58.3333333333333,162.666666666667,2.79111111111
蒜頭,100,130.555555555556,1.30555555555556
蒜黃,99,22,0.222164948453667
蒟蒻,100,20,0.2
蒟蒻香腸,100,200.5,2.87
蒲公英葉,100,43.6666666666667,0.436666666666667
蒲桃,100,36.6666666666667,0.366666666666667
蒲燒鰻,63,226.666666666667,3.03846153846
蒲菜,100,12.6666666666667,0.126666666666667
蒸發奶,120,160,1.333333333335
蒸肉粉,100,190.5,3.47
蒸蛋,118.333333333333,63.75,0.64888888889
蓋奇巧克力,28,160,5.71428571429
蓬萊有機米,100,316.5,3.52
蓬萊米油,100,463.5,8.83
蓮子,81.9333333333333,200.1875,2.67202547211267
蓮蓉包,100,207.666666666667,2.9
蓮藕,110.888888888889,72,0.651677625625778
蓮藕粉,100,211,3.52
蓮藕糖,100,254.5,3.92
蓮霧,168.909090909091,46.9333333333333,1.42278317856645
蔓越橘汁,253,165,0.652173913043
蔘茸酒,100,327.666666666667,2.27
蔞蒿,100,57,0.57
蔥,57.5,12,0.205
蔥油派,100,260.666666666667,2.465
蔥油餅,NA,283,NA
蔬菜汁,351.666666666667,106,0.301435278336667
蕃茄,131.181818181818,33.25,1.09772005771973
蕃茄汁,288.75,51.8,0.18975352112675
蕃茄罐頭,100,34,0.34
蕃茄醬,100,75.6666666666667,1.03
蕃薯,92,117.5,1.2434210526325
蕃薯粉,100,212,3.54
蕃薯葉,49,57,6.087719298229
蕃薯餅,100,262,3.28
蕎菜,100,11.6666666666667,0.116666666666667
蕎麥,100,339.333333333333,3.39333333333333
蕎麥仁,100,213.5,3.56
蕗蕎,100,10,0.1
蕨菜,100,104,1.04
蕨麻,100,350,3.5
蕪菁,100,22,0.22
蕪菁葉,100,25.3333333333333,0.253333333333333
蕹菜,100,18.5,0.185
薄荷,100,71.6,0.8925
薄葉單棘魨,100,76,0.76
薊花油,100,464,8.84
薊菜,94,27,0.288409090909
薏仁,72.6,240,3.717652173914
薏仁粉,100,294,4.01
薏仁醋,100,15,0.28
薏仁醬油,100,45.5,0.83
薏米,100,357,3.57
薑,100,79,0.79
薑母茶,100,47.5,0.28
薑糖,100,232,3.57
薑茶隨身包,100,248,3.97
薑蓉醬,100,35,0.64
薑黃粉,100,342.5,3.425
薔薇離鰭鯛,100,62.5,0.93
薤白,100,122.666666666667,1.22666666666667
薩拉米香腸,100,340.714285714286,3.40714285714286
薯條,100,322.916666666667,2.1541795386675
薯片,100,552.666666666667,5.52666666666667
薯餅,55,104,1.654545454545
薺菜,100,28.3333333333333,0.283333333333333
藍芝士,100,361.5,3.615
藍莓,100,69.2222222222222,0.692222222222222
藍青口,100,129,1.29
藍鰭吞拿魚,100,164,1.64
藍點紅鱠,100,56,0.83
藕,97,56.75,0.59136363636375
藕粉,100,372,3.72
藤三七,100,29,0.29
藻精飲料,100,29,0.29
藿香葉,100,89,0.89
蘆柑,92.3333333333333,43.3333333333333,0.476147186147333
蘆筍,103.636363636364,21.5454545454545,0.206630094043864
蘆筍汁,190,85,0.421052631579
蘆薈,100,4,0.04
蘆薈露飲料,100,73,0.43
蘇打餅乾,49.8,179.5,3.585224137932
蘇木梨,100,50.5,0.505
蘇格蘭牛柳,100,183.25,1.8325
蘇梅梨,100,71.5,0.715
蘋果,104.4,70,0.68197202797205
蘋果乾,100,173.25,1.7325
蘋果梨,98,49.6666666666667,0.506879432624
蘋果汁,210.2,96.5,0.4294057246706
蘋果汁飲料,100,52,0.52
蘋果派,174.5,254.222222222222,1.673464603843
蘋果脯,100,337.666666666667,3.37666666666667
蘋果西打,350,240,0.685714285714
蘋果西打飲料,100,94.5,0.42
蘋果酒,100,39,0.39
蘋果醬,100,227,2.27
蘋果麵包,115,317.5,3.08695652174
蘑菇,100,107.166666666667,1.07166666666667
蘑菇醬,57.5,24,0.59
蘿卜櫻,96.5,17,0.1775268817205
蘿蔔,135.666666666667,50.1,0.465558194774333
蘿蔔乾,76,68.3333333333333,1.36904761904667
蘿蔔櫻,96.5,17,0.1775268817205
蘿蔔糕,110,119.090909090909,1.10240740740733
蘿蔔纓,100,24,0.24
蘿蔔酥,77,337.5,4.380185185185
虱目魚,68.1428571428571,140.428571428571,12.37486809358
虱目魚丸,67.6,119.428571428571,2.105982905982
虹香魚,100,110.5,1.105
虹鱒,100,161,1.61
蚵仔煎,128.5,273.333333333333,1.753439490445
蚵仔麵線,153.333333333333,238,1.96406926406867
蚵捲,100,184,1.84
蚶子,63.5,71,1.669814814815
蛇果,100,54,0.54
蛇瓜,100,16.3333333333333,0.163333333333333
蛇肉,100,58,0.85
蛇鯔,100,122,1.22
蛇鱈,100,97,0.97
蛋,100,160,1.6
蛋包飯,220,400.5,1.27727272727
蛋塔,50,243,3.38
蛋捲,100,351.5,5.41
蛋清腸,100,278,2.78
蛋片,100,391,3.91
蛋白,100,34,0.48
蛋糕,100,354.375,3.54375
蛋酥花生,100,361,6.02
蛋餃,50.5,87,34.91
蛋餅,110,258,2.37272727273
蛋麻脆,100,452,4.52
蛋黃,100,145.333333333333,3.17
蛋黃派,156,966,6.19230769231
蛋黃芋酥,100,161,2.15
蛋黃酥,87,356.25,4.0825
蛋黃醬,66.3636363636364,342.090909090909,6.30393939393909
蛤蜊,64.2,64.4,1.443652173913
蛤蠣,50,64,1.46
蛾螺,100,206,2.06
蜂王漿,100,73.5,1.4
蜂蜜,82.7692307692308,208.625,3.01108764873462
蜂蜜蛋糕,100,279,3.6
蜆,83.5,162,2.94
蜜柑,100,50.5714285714286,0.505714285714286
蜜桃,96,41.6666666666667,0.435303030303
蜜梨,100,40,0.4
蜜棗,90.5714285714286,230.666666666667,3.04899159663857
蜜橘,88,42,0.4863157894735
蜜瓜,100,83,0.36
蜜糖,83,249,2.915
蜜麻花,100,367,3.67
蝦,91.6666666666667,152.333333333333,1.645
蝦丸,80.6666666666667,89.6,1.63079365079333
蝦仁,74.5,49.7142857142857,0.883259023354
蝦仁炒飯,325,109,0.7627272727275
蝦味先,50,393.5,10.28
蝦油,100,35,0.66
蝦皮,100,154.333333333333,1.54333333333333
蝦米,64,144.6,2.868
蝦腦醬,100,100,1
蝦醬,100,200,2
蝦餃,57.75,132.5,27.5241666666675
螯蝦,77,93,1.62
螳螂蝦,100,63,0.63
螺,100,100,1
螺旋藻,100,224,2.24
螺螄,100,59,0.59
蟳,48,93.5,9.3611111110945
蟶乾,100,340,3.4
蟶子,85.6666666666667,40,0.500584795321667
蟹味棒,100,57.3333333333333,1.15
蟹肉,91.6666666666667,62.6666666666667,0.748333333333333
蟹肉棒,NA,52,NA
蟹黃水餃,100,288.5,2.22
蠑螺,94,77.3333333333333,0.9795454545455
蠔,100,129.222222222222,1.29222222222222
蠔油,83,70.2857142857143,1.126
蠔菇,100,26.75,0.316666666666667
蠔菇罐頭,100,23,0.31
蠶豆,96.12,248.464285714286,2.7759963991
蠶豆澱粉,100,341.5,3.415
血糯米,100,343,3.43
衛生油麵,100,156,1.62
袋鼠臀肉,100,130,1.3
袋鼠里脊肉柳,100,117.5,1.175
裙帶菜,100,82,0.82
褐菇,100,25.5,0.255
西式火腿,100,100,1.38
西施舌,100,63.5,0.72
西柚,100,39,0.335
西柚瓣,100,44.3333333333333,0.443333333333333
西梅,100,110.5,1.49
西洋梨,158.75,88.1666666666667,3.86320754716975
西洋芹,615,43,0.130081300813
西洋菜,95.5,18.3333333333333,0.193812785388167
西炒飯,NA,808.5,NA
西瓜,139.846153846154,41.0769230769231,6.34199477574323
西瓜子,90.5,562.833333333333,6.89426356588333
西瓜子仁,100,560.5,5.605
西瓜脯,100,307.666666666667,3.07666666666667
西芹,100,15.8333333333333,0.158333333333333
西葫蘆,95.5,18.5,0.196095890411
西蘭花,97.875,29.3125,0.30157379518075
西蘭花幼苗,100,28.3333333333333,0.283333333333333
西谷米,50.6,162,3.545652173914
覆盆子,100,63.8,0.638
觀達菜,100,15.5,0.155
角菜,100,35.6666666666667,0.33
調合麻油,100,463.5,8.83
調味乳,100,88,0.52
調味奶粉,100,276.5,4.26
變蘿蔔,98.5,21.25,0.21664893617025
豆,100,111.5,1.115
豆包,25,55,2.2
豆奶,100,60.4285714285714,0.376
豆奶粉,100,416.333333333333,4.16333333333333
豆干,100.5,78.3333333333333,0.8710725893825
豆枝,20,75,3.75
豆棗,100,335,4.19
豆汁,100,10,0.1
豆沙,100,244.333333333333,2.44333333333333
豆沙包,92.5,203.75,2.405
豆油,100,899,8.99
豆泥醬,100,204.5,2.045
豆漿,186,65.1111111111111,0.356641123882667
豆漿粉,100,427.25,4.2725
豆瓣菜,100,19.3333333333333,0.193333333333333
豆瓣辣醬,100,63.6666666666667,0.636666666666667
豆瓣醬,83,126.166666666667,1.8
豆皮,29.1666666666667,67.6666666666667,3.04777777778
豆粕,100,325.6,3.256
豆肝尖,100,197.5,1.975
豆腐,97.9444444444444,97.15,1.03340289689322
豆腐乳,49,67.5,1.504901960785
豆腐乾,100,178.210526315789,1.78210526315789
豆腐卷,100,202,2.02
豆腐皮,87,257.666666666667,3.309142857142
豆腐絲,100,301.571428571429,3.01571428571429
豆腐腦,100,31,0.31
豆腐花,100,234.75,2.85666666666667
豆花,100,59,0.59
豆芽,100,24.6666666666667,0.246666666666667
豆芽菜,125,63,0.504
豆苗,100,35,0.35
豆薯,100,50.75,0.5075
豆角,99.5555555555556,90.4444444444444,0.905833333333333
豆豉,100,165.333333333333,2.47
豆鼓,67.5,159.5,2.29142857143
豇豆,99.5833333333333,155.25,1.55374061995933
豇豆葉,100,24.3333333333333,0.243333333333333
豇豆連嫩莢,100,37.3333333333333,0.373333333333333
豉油,100,45.2,0.452
豌豆,92.25,217.166666666667,2.3283974358975
豌豆仁,320,77.5,0.25
豌豆及甘筍,100,45,0.45
豌豆嬰,320,52.5,0.25
豌豆果,100,256.5,4.28
豌豆澱粉,100,341.5,3.415
豌豆粉絲,100,367.5,3.675
豌豆罐頭,100,100.5,1.39
豌豆芽,100,106.666666666667,1.06666666666667
豌豆苗,99.3333333333333,31,0.311972789115667
豌豆連莢,100,44.6666666666667,0.446666666666667
豌豆黃,100,134.5,1.345
豐力蛋,100,103.5,1.34
豬上腰肉,100,193,1.93
豬上里脊肉,100,185.916666666667,1.85916666666667
豬中段里脊肉排,100,151.5,1.515
豬前腿瘦肉,100,77.5,1.15
豬前腿肉,100,83.5,1.24
豬大排,91.9166666666667,215.125,4.21452264238917
豬大腸,100,297.6,2.976
豬大里肌,35,55,1.57142857143
豬大里脊肉,100,207.7,2.077
豬小排,83.75,249.75,2.845714285715
豬小腸,66.5714285714286,76.4285714285714,8.23662337662429
豬小腿肉火腿,100,156,1.56
豬小里肌肉,100,151.166666666667,1.51166666666667
豬尾,100,382.333333333333,3.82333333333333
豬後腿瘦肉,50.5,65.3333333333333,22.07
豬後腿肉,89.1666666666667,169.142857142857,2.27642857142833
豬心,79.5,101.75,1.2884670408875
豬排,67,227.5,3.294413919415
豬排飯,415,318,1.002138364778
豬排骨,86,243,2.970555555555
豬柳,100,113,1.13
豬油,74.4117647058823,619.888888888889,8.70399195575647
豬油栳,100,259,4.32
豬煙肉,100,574.857142857143,5.74857142857143
豬耳,100,195,1.95
豬肉,95.7037037037037,349.851851851852,3.66863356089222
豬肉乾,43.75,115.333333333333,2.7225
豬肉塊,100,175.5,1.755
豬肉干,49.6666666666667,154.333333333333,2.93777777777667
豬肉水餃,100,177.8,2.065
豬肉火腿,100,232.5,2.325
豬肉火腿切片,100,157.25,1.5725
豬肉火腿肉餅,100,328.5,3.285
豬肉燴飯,291,474.5,1.6171266088
豬肉酥,45,248.666666666667,5.59777777777667
豬肉韭菜水餃,100,295,2.27
豬肉香腸,100,305.666666666667,3.05666666666667
豬肉鬆,20.75,87.5,4.18611111111
豬肘棒,89.8333333333333,281,3.21710060807
豬肚,77.6666666666667,110.888888888889,1.44502969951
豬肝,78.7142857142857,128,4.64404901550071
豬肝連,100,184,2.54
豬肥肉,100,505.5,5.055
豬肩胛,100,173.75,1.7375
豬肩胛前腿肉,100,245.625,2.45625
豬肩胛火腿,100,115,1.15
豬肩胛肉,100,209.111111111111,2.09111111111111
豬肩胛肉卷,100,278,2.78
豬肩胛連前腿肉,100,246.75,2.4675
豬肺,99.4,87.2,0.8771958762886
豬背小排,100,326,3.26
豬胰臟,100,209,2.09
豬脾,100,109.25,1.0925
豬腎,85,85.6,0.9876190476193
豬腦,85.75,110.25,1.279015151515
豬腩排,100,345,3.45
豬腩肉,100,443,4.43
豬腰子,96.5,89,0.92612903226
豬腱,100,85.5,1.27
豬腳,63,158.875,7.659345238095
豬腳凍,100,97,1.44
豬腸,75.6666666666667,165,2.37098765432
豬腿,100,167,1.67
豬腿火腿,100,143,1.43
豬腿肉,93,172,1.82980392156857
豬腿肉排,100,112.5,1.125
豬腿肥肉,100,589.5,5.895
豬腿臀肉,100,204.25,2.0425
豬膽肝,100,336,3.36
豬臀肉火腿,100,152.5,1.525
豬舌,72.8888888888889,156.666666666667,2.12469135802444
豬蝶形肉排,100,149.5,1.495
豬血,185.125,50.7777777777778,0.339548423666625
豬血糕,56,108.444444444444,2.16072167755833
豬蹄,78,260.857142857143,3.84662236987857
豬蹄筋,100,156,1.56
豬蹄膀,54.6666666666667,169.5,3.33944444444333
豬里脊肉,100,211.625,2.11625
豬里脊肉塊,100,196.5,1.965
豬里脊肥肉,100,577,5.77
豬里脊肩胛肉,100,269.7,2.697
豬頭皮,100,499,4.99
豬頰肉,100,94.5,1.4
豬頸肉,100,169,1.69
貝果,98.5,265,2.7034679089
貢丸,52,107,16.9950140056017
貽貝,100,190,1.9
赤小豆,100,314,3.14
赤眼鱒,83.6,111,1.426881355932
赤貝,100,61,0.61
起司蛋糕,100,318.75,3.38
起酥,100,499,4.99
起酥油,100,889.333333333333,8.89333333333333
踞緣青蟹,100,80,0.8
車前子,100,67,0.67
車厘子批餡料,100,84,0.84
車打芝士,100,317.833333333333,3.17833333333333
車打芝士或高寶芝士,100,285.5,2.855
軟式牛奶冰淇淋,173,375,2.1676300578
軟梨,100,23,0.23
軟糖,65,185,3.611666666665
軟豆腐,100,64.5,0.645
較低脂奶,100,57,0.57
較稠忌廉,100,348,3.48
辣木葉,100,61.3333333333333,0.613333333333333
辣木豆莢,100,36.3333333333333,0.363333333333333
辣椒,105.125,112.529411764706,1.20953561589919
辣椒油,100,779.25,7.7925
辣椒粉,83,286.4,3.578
辣椒糊,100,31,0.31
辣椒醬,87.8571428571429,52,0.641428571428571
辣油豆瓣醬,100,132,1.32
辣蘿蔔條,100,38.3333333333333,0.383333333333333
辣豆瓣醬,90,90,1
辣醬,100,90.6666666666667,0.906666666666667
辣雞翅,86,242,2.705833333335
迷你甘筍,100,32.25,0.3225
迷你黃瓜,100,12,0.12
迷迭香,100,231,2.31
通心粉,66,203.4,2.92156862745
通心麵,92.5,328.25,3.5503571428575
通菜,100,21.5,0.215
速食麵,100,439.25,4.70666666666667
運動飲料,227.5,78.6666666666667,0.294929577465
過溝菜蕨,100,30,0.3
達烏裡胡枝子,100,105,1.05
達烏裡胡枝子籽,100,345,3.45
邊魚,85,124,1.505714285715
郫縣辣醬,100,94.6666666666667,0.946666666666667
酒棗,97,146,1.50780219780333
酢漿草,100,67,0.67
酥梨,90.6666666666667,43.6666666666667,0.492407407407333
酥皮糕點,100,426,4.26
酥糖,100,438.666666666667,4.38666666666667
酪梨,64,61,1.12825396825333
酵母,100,235,2.35
酵母粉,100,190,3.46
酸三色糖,100,397,3.97
酸乳酪,100,144,0.92
酸乳飲料,100,54,0.54
酸刺,100,109.5,1.095
酸奶,100,60,0.6
酸忌廉,100,183.25,1.8325
酸梨,100,29.5,0.295
酸棗,100,289,2.89
酸模,100,20.6666666666667,0.206666666666667
酸漬菜,100,20.5,0.205
酸白菜,100,8.33333333333333,0.0833333333333333
酸紅車厘子,100,65.5,0.655
酸芥菜,100,19,0.19
酸菜扣肉包子,100,299,2.99
酸酪蛋,100,443,4.43
醃漬冬瓜,100,24,0.24
醃漬嫩薑,100,21,0.21
醃漬桃子,100,254,2.54
醃漬花生,100,143.5,2.66
醃漬花胡瓜,100,53.5,0.83
醃漬苦瓜,100,46.5,0.68
醃漬蘿蔔,100,84.5,1.21
醃漬金針菇,100,18,0.24
醃漬香菇,100,27.5,0.5
醃漬鳳梨,100,82,1.05
醃漬鵝菜心,100,64,0.64
醃燻豬肝,100,107.5,1.66
醃瓜,100,16,0.16
醃芥菜頭,100,35.6,0.356
醃青瓜,100,11,0.11
醃韭菜花,100,16,0.16
醋,100,43.8,0.438
醋栗,100,50.2,0.502
醋豆子,100,193.5,2.28
醬包瓜,100,109.5,1.095
醬大頭菜,100,38.5,0.385
醬汁,100,51.5,0.515
醬汁肉,98.6666666666667,549,5.56625
醬油,94.6875,55.5882352941176,0.6375
醬油膏,71.6666666666667,72.3333333333333,1.00666666666667
醬油露,100,48.5,0.89
醬牛肉,95.75,219.5,2.2666867469875
醬甘露,100,38.3333333333333,0.383333333333333
醬苤藍絲,100,40,0.4
醬萵筍,100,24,0.24
醬蘑菇,100,121.5,1.215
醬蘿蔔,100,31,0.31
醬豆腐,100,151,1.51
醬鴨,95.75,257,2.6997916666675
醬黃瓜,100,24.6666666666667,0.246666666666667
釋迦,188.5,140.125,4.26260073260617
里肌肉,50.5,68.25,16.0275
野兔肉,100,123.666666666667,1.23666666666667
野生塘虱,100,100,1
野生大西洋三文魚,100,162,1.62
野生小龍蝦,100,79.5,0.795
野生藍莓,100,79,0.79
野生虹鱒,100,134.5,1.345
野生蠔,100,92.3333333333333,0.923333333333333
野生銀三文魚,100,156.333333333333,1.56333333333333
野苦瓜,100,36,0.36
野苦瓜嫩梢,100,51,0.77
野莧,100,41,0.41
野莧菜,100,60,0.6
野蒜,100,31.3333333333333,0.313333333333333
野蔥,100,33,0.33
野豬肉,100,141,1.41
野韭菜,100,38,0.38
金元帥蘋果,100,52,0.52
金塔寺瓜,100,9.5,0.095
金山鰂,100,112,1.12
金文拔芝士,100,301,3.01
金槍魚,100,144,1.44
金橘,100,59,0.59
金煌芒果,100,60.5,0.59
金牛角,40,368.5,5.425
金瓜,100,26.3333333333333,0.263333333333333
金紅桃,100,27,0.27
金絲小棗,93.6666666666667,308,3.33176954732667
金絲瓜,100,37,0.37
金線魚,112.5,135.5,1.415714285715
金莎巧克力,57.5,329.5,5.7026388888875
金菇,100,31.3333333333333,0.313333333333333
金華火腿,100,318,3.18
金針,100,25,0.25
金針菇,100,26.5555555555556,0.265555555555556
金針菇罐頭,100,18,0.24
金針菜,100,135.2,1.61
鈕扣瓜,100,28.5,0.285
銀三文魚,100,169,1.69
銀杏,67,217.5,2.951470588235
銀甜菜,100,18.5,0.185
銀絲卷,100,245.5,2.81
銀絲捲,102.5,376,3.484615384615
銀耳,100,220.333333333333,2.20333333333333
銀蚶,100,71,0.71
銀魚,91.8,102.8,1.139186440678
銀鱸,100,241.5,2.415
銅鑼燒,88,213,2.9085531005
錦豐梨,100,48,0.48
鍋巴,100,541,5.41
鍋燒意麵,215,439.5,2.98712121212
鍋燒麵,96.6666666666667,101.285714285714,1.13771937945967
鍋貼,123.666666666667,248.8,1.584975194898
鐵蛋,100,180,2.86
長把梨,100,58,0.58
長毛對蝦,100,90,0.9
長糯,100,320,3.56
長角仿對蝦,100,51,0.79
門斯特芝士,100,319.5,3.195
開口笑,100,512,5.12
開心果,62.5833333333333,329.785714285714,5.60936813186833
開花豆,100,446,4.46
開邊豌豆,100,191.4,1.914
閹雞內臟,100,147,1.47
閹雞肉,100,230.25,2.3025
阿拉斯加皇帝蟹,100,90.5,0.905
陳年紹興酒,100,116,1.2
陳醋,100,114,1.14
陽春麵,NA,331,NA
隼人瓜,100,22,0.22
雀巢聰明豆,20,92,4.6
雉雞肉,87,131.333333333333,1.48382513661333
雌珠雞肉,100,134,1.34
雙孢蘑菇,99.25,23.5,0.23670103092775
雙胞胎,178.5,388,1.9947770700635
雜果,100,64,0.64
雜果乾,100,261.5,2.615
雜色蛤蜊,100,53,0.53
雜菜,100,54.1666666666667,0.541666666666667
雜豆,100,207.5,2.075
雜錦果仁,100,608.666666666667,6.08666666666667
雞,100,152.666666666667,1.52666666666667
雞上腿肉,100,210.470588235294,2.10470588235294
雞下腿肉,100,187.941176470588,1.87941176470588
雞內臟,100,170,1.7
雞土從,100,229.5,2.295
雞塊,104,255,2.483333333334
雞心,71.9230769230769,131.642857142857,7.34573964497
雞排,78.3333333333333,106.8,1.80761904762
雞油,54.5,264.75,8.894444444445
雞油菌,100,21,0.21
雞深色肉,100,194,1.94
雞湯,166.666666666667,103.333333333333,0.826666666666667
雞湯塊,100,140.666666666667,3.38
雞爪,54.7777777777778,148.222222222222,5.08111111110667
雞白肉,100,188.333333333333,1.88333333333333
雞皮,91.8,376.3,4.127444444444
雞絲麵,64.5,284,4.53986111111
雞翅,67,147.4,2.28301930141
雞翼,100,224.238095238095,2.264
雞肉,100,209.25,2.0925
雞肉丸,100,130.5,2.01
雞肉卷,100,181.5,1.815
雞肉碎,100,166,1.66
雞肉醬,100,124,1.24
雞肉飯,190,521.5,1.73684210526
雞肉餅,100,289.5,2.895
雞肉香腸,100,318.5,4.55
雞肝,91.2941176470588,113.055555555556,1.28859477124176
雞肥肉,100,492.666666666667,4.92666666666667
雞肫,97.8571428571429,114.285714285714,1.163025210084
雞背肉,100,261.545454545455,2.61545454545455
雞胗,63.5,73.5714285714286,7.6425
雞胸嫩肉,100,269.333333333333,2.69333333333333
雞胸肉,91.0357142857143,135.033333333333,3.47055967841679
雞胸脯肉,100,128,1.28
雞脖子,89,105,1.16282051282
雞腳,100,137.5,2.15
雞腿,77.125,150.555555555556,1.94574840015125
雞腿堡,238,418,1.65966386555
雞腿肉,100,192.6,2.07777777777778
雞腿酥,100,436,4.36
雞腿飯,700,390,0.114285714286
雞蛋,91.5238095238095,129.192307692308,1.53998900231857
雞蛋白,96.25,49.5,0.52446428571425
雞蛋皮蛋,100,103,1.29
雞蛋粉,100,545,5.45
雞蛋豆腐,100,79,0.79
雞蛋麵,100,266,3.55
雞蛋黃,100,311.142857142857,3.11142857142857
雞蛋黃粉,100,644,6.44
雞血,100,49,0.49
雞里肌,65,77.5,1.416666666665
雞頸肉,100,252.571428571429,2.52571428571429
雪梨,126,69.25,0.656479400749
雪碧,350,95,0.271428571429
雪碧汽水,352.5,125.666666666667,0.3438028169015
雪糕,100,179.5,1.795
雪花梨,95.3333333333333,41.6666666666667,0.438914728682333
雪螺餃,100,131,2.02
雪蟹,100,102.5,1.025
雪里紅,237.5,52,0.2326464511085
雲呢拿吉士,100,92,0.92
雲呢拿奶昔,100,130,1.3
雲呢拿布甸,100,111.5,1.115
雲呢拿布甸粉,100,378,3.78
雲耳,100,244.5,2.445
霜淇淋,118.333333333333,103.5,1.362272727275
靈芝飲料,100,12,0.12
靈蜜瓜,100,3.5,0.035
青刀豆,100,25.6666666666667,0.256666666666667
青梅果脯,100,311,3.11
青椒,116.5,26.6666666666667,1.10983906150212
青椰菜花,100,31.6666666666667,0.316666666666667
青檸,100,30,0.3
青江菜,75.75,19.4,1.415
青燈籠椒,100,57.7272727272727,0.577272727272727
青玉蘋果,100,48,0.45
青玉豆,100,28.8333333333333,0.288333333333333
青瓜,100,12,0.12
青皮石榴,85,64.3333333333333,0.809696969696667
青箭口香糖,21,80,4.28571428571
青花菜,51.5,30.6666666666667,5.155
青草茶,100,42.5,0.25
青葙,100,37.5,0.5
青蒜,94.6666666666667,33.3333333333333,0.352380952381
青蔥,100,28,0.28
青蘋果,110.833333333333,53.8333333333333,0.485808080808
青蘋果汁,100,38,0.32
青蘿蔔,98.3333333333333,29,0.295438596491333
青豆,103.5,108.7,1.0561176470588
青辣椒,100,41.8,0.418
青香蕉蘋果,93.3333333333333,50,0.540833333333333
青魚,90.75,117.5,1.3453174603175
青龍蘋果,52,61.5,9.015
非洲黑鯽魚,76.5,77,1.11141509434
面包,100,298.818181818182,2.98818181818182
面西胡瓜,94,10,0.106818181818
鞭筍,100,15.3333333333333,0.153333333333333
韭花醬,100,15.5,0.29
韭苔,100,35,0.35
韭菜,144.428571428571,33.1428571428571,0.248416091694
韭菜合子,100,211,2.11
韭菜盒子,130,234.5,2.38461538462
韭菜花,100,25,0.24
韭菜黃,100,17,0.17
韭葱,100,94.8,0.948
韭黃,124.857142857143,29.8571428571429,0.228531468531429
顎針魚,100,180,1.8
風乾腸,100,283,2.83
食茱萸,100,76,1.27
飯,53.5,75,1.401754385965
飲料,100,78,0.46
飲用水,100,0,0
餃子,100,234.636363636364,2.34636363636364
餃子皮,26.5,75,2.90579710145
餅乾,100,479.571428571429,4.79571428571429
養樂多,95.5,78.8571428571429,0.8339024390245
養生麥粉,100,280.5,4.01
餐包,27,73.3333333333333,2.77931034483
餐桌鹽,100,0,0
餘柑子,100,40.3333333333333,0.403333333333333
餛飩皮,32,75,2.3431372549
餛飩麵,460,411.25,0.173913043478
饅頭,105.818181818182,185.230769230769,2.08048382989491
香口膠,100,314,3.14
香吉士,100,60,0.58
香大米,100,346,3.46
香杏丁蘑,100,232,2.32
香杏片口蘑,100,229.5,2.295
香梨,100,49,0.49
香椿,94,47.75,0.514605263158
香樁,100,54,0.99
香油,66,590.2,8.962
香油辣醬,100,60.5,0.605
香海螺,86.3333333333333,163,2.00757062147
香片茶包,100,179,3.58
香玉蘋果,100,60.5,0.605
香瓜,270.166666666667,89.375,0.314622529506167
香瓜茄,100,20.5,0.205
香筍鮪魚,100,174.5,2.59
香脆薯條,100,147,1.47
香腸,87.1111111111111,275.090909090909,10.3832201646089
香芫荽,100,23,0.23
香茅,100,70.3333333333333,0.703333333333333
香菇,88.45,83.15,1.5998098963626
香菇雞肉水餃,100,284.5,2.19
香菇餃,100,108.333333333333,2.31
香菇麵筋,100,122,1.91
香菜,121.142857142857,115.571428571429,1.09462021679257
香蒜粉,100,199,3.62
香蕉,121.823529411765,126,2.47866726495035
香蕉布甸,100,113,1.13
香蕉布甸粉,100,366.5,3.665
香豆奶,250,150,0.6
香酥蝦餅,100,100.5,1.26
香酥魚捲,100,94.5,1.26
香醋,100,41.5,0.415
馬心,100,104,1.04
馬拉糕,100,254,3.18
馬牙大豆,100,329.5,3.295
馬肉,96.5,136.75,1.40638888888875
馬蘭頭,100,26,0.26
馬蹄,100,65.4,0.654
馬蹄條,100,154,1.93
馬蹄軟糖,100,359,3.59
馬蹄黃梨,100,48.5,0.485
馬鈴薯,105.34375,88.4571428571429,0.809199298588031
馬鈴薯丁,100,340.5,3.405
馬鈴薯皮,100,124.857142857143,1.24857142857143
馬鈴薯粉,100,343.666666666667,3.43666666666667
馬頭,100,121.5,1.215
馬齒莧,100,20.1666666666667,0.201666666666667
駱駝掌,100,310,3.1
駱駝蹄,100,116,1.16
驢打滾,100,195.333333333333,1.95333333333333
驢肉,100,168,1.68
驢鞭,100,143,1.43
高品質鮮乳,170,129,0.6683333333335
高寶芝士,100,389,3.89
高山白桃,100,41,0.41
高梁,100,368,3.68
高梁酒,100,348,3.54
高梁醋,100,14.5,0.27
高湯,228,119.5,1.018820224719
高筋麵粉,100,264.666666666667,3.615
高粱米,100,351,3.51
高纖奶粉,100,325,5
高纖珍珠丸,100,189.5,2.23
高纖米,100,326.5,3.63
高纖胚芽冬粉,100,252.5,3.61
高纖蘇打餅乾,25,111,4.258333333335
高纖調味乳,100,110.5,0.65
高纖飲料,100,71,0.42
高野豆腐,100,476,4.76
高鈣調味乳,100,105,0.62
高鈣飲料,100,74.5,0.44
高鈣高纖脫脂奶粉,100,228.5,3.66
高鈣高蛋白鮮乳,100,105,0.62
高鐵鈣脫脂奶粉,100,225,3.6
高鐵鈣脫脂牛乳,100,69.5,0.41
高鐵飲料,100,62.5,0.37
高鮮味精,100,207.5,3.96
高麗菜,158.25,32,0.22256006006
高麗菜乾,100,102.5,1.8
高麗菜心,210,52.5,0.25
高麗菜捲,65,50,0.769230769232
高麗菜芽,100,33,0.33
高麗鰆,50.5,80,21.095
髮菜,100,181.25,2.41
鬆子,100,596.333333333333,5.96333333333333
鬆花蛋,100,174.5,1.745
鬆蘑,100,157,1.57
鬆餅,132,324.5,3.35606060606
鬍子鯰,100,146,1.46
鬚赤對蝦,100,57.5,0.89
魔芋精粉,100,86.6666666666667,0.866666666666667
魚丸,63.5,86.5555555555556,9.88722222222233
魚卵卷,100,69.75,1.145
魚卵捲,1,47.5,40
魚塊,100,251,2.51
魚奇油,100,47,0.47
魚子,100,173.5,1.735
魚子醬,100,235,2.35
魚板,107.5,85,0.9115217391305
魚條,100,211.5,2.115
魚片乾,100,303,3.03
魚翅瓜,100,29,0.29
魚翅餃,100,132.333333333333,2.67
魚肉鬆,47.3333333333333,184.5,4.12529411764667
魚脯,65,63.3333333333333,1.436666666665
魚腥草,100,32.6666666666667,0.326666666666667
魚膠粉,100,341,3.41
魚酥,100,580,5.8
魚露,100,48,0.48
魚餃,58.25,153.166666666667,27.7525
魚香肉絲,100,124,1.24
魣鱈,100,99,0.99
魷魚,109.4,187.4,1.8233061224489
魷魚圈,100,100,1.43
魷魚絲,76.3333333333333,234,3.14287356322
鮁魚,93.3333333333333,133.333333333333,1.435
鮐魚,91.5,155,1.74962121212
鮑魚,99.6666666666667,173.25,1.75441622626758
鮪排,100,107,1.43
鮪魚,50,76.5,1.579166666665
鮪魚水餃,100,253.5,1.95
鮪魚片,100,61,0.94
鮪魚香腸,100,234.5,3.35
鮫魚,100,233.5,2.335
鮭魚,114.666666666667,139,1.42361111111167
鮭魚籽醬,100,252,2.52
鮭魚鬆,100,281.5,4.51
鮮乳,100,91.6875,0.54
鮮乳糖,100,279.5,4.3
鮮乳酪,100,107,1.125
鮮奶,100,112.5,0.65
鮮奶油,32,82.3333333333333,2.858666666666
鮮奶茶,290,155,0.4
鮮奶饅頭,79,240,3.048995983935
鮮桃果汁糖,100,397,3.97
鮮羊乳,100,59,0.59
鮮肉包,93.3333333333333,239,2.655
鮮肉湯包,100,239,2.52
鮮肉湯圓,60,198.75,2.79
鮮肉鍋貼,100,166,2.29
鮮肉雲吞,100,177,2.26
鮮蝦泡麵,100,396.5,4.81
鮮貝,100,77,0.77
鮮雞精,100,139,2.65
鯉魚,88,115,1.35269158559571
鯊魚,92.6666666666667,137,1.51404761904833
鯊魚柳,100,158.333333333333,1.58333333333333
鯊魚翅,100,114.5,1.74
鯔魚,100,124.5,1.245
鯖魚,87.448275862069,331.235294117647,18.5870428422152
鯛,86,106,1.288307692308
鯛魚,100,120,1.2
鯡魚,100,204.6,2.046
鯧魚,100,140,1.4
鯪魚,95.2222222222222,272,2.79962962963
鯰魚,80.25,97,1.26445054945
鯷魚,100,174.666666666667,1.74666666666667
鯽魚,86.6,94.8,1.17453164557
鯿魚,72.6666666666667,135,1.97542372881333
鰈,100,107,1.07
鰈魚,100,104,1.04
鰩魚,100,90,0.9
鰱魚,84,90.8,1.149612670186
鰳魚,100,159,1.59
鰻魚,138.333333333333,162,1.83111111111167
鰻魚罐頭,100,240,2.4
鰻鱺,100,181,1.81
鱅魚,74,100,1.4262295082
鱈魚,83.4705882352941,117.764705882353,10.3924561403509
鱈魚丸,100,65.2,0.865
鱈魚豆笛,100,112.5,1.5
鱈魚香絲,30,90.5,3.03333333333
鱒魚,92.6666666666667,119.166666666667,1.29642857142833
鱖魚,100,117,1.17
鱘魚,100,137.666666666667,1.37666666666667
鱭魚,93.1111111111111,114,1.23323331770667
鱲魚,100,119.333333333333,1.19333333333333
鱲魚肉,100,127.666666666667,1.27666666666667
鱷梨,100,166,1.66
鱸魚,86.8,99,1.185353901996
鱺魚,100,80,1.19
鳥結糖,100,414,4.14
鳳尾酥,100,511,5.11
鳳尾魚,100,313,3.13
鳳梨,151.857142857143,106,0.396969685106143
鳳梨原汁,250,140,0.56
鳳梨汁,100,51.5,0.43
鳳梨汁飲料,100,41.5,0.415
鳳梨罐頭,70,55,0.75
鳳梨蜜餞,100,192,3.26
鳳梨酥,100,341,5.02
鳳眼糕,100,245,3.77
鳳蜜酥,100,147,2.18
鳳螺,96,73.3333333333333,0.9547826086955
鴕鳥上腰肉,100,137,1.37
鴕鳥內條肉,100,145.5,1.455
鴕鳥內腿肉,100,126,1.26
鴕鳥外條肉,100,138,1.38
鴕鳥尖端切割肉,100,129.5,1.295
鴕鳥牡蠣肉,100,142,1.42
鴕鳥肉碎,100,170,1.7
鴨,93.6,240,2.625882352942
鴨廣梨,92,53.3333333333333,0.585964912280667
鴨心,100,143,1.43
鴨掌,89.75,150,1.76059322034
鴨梨,104.25,47.75,0.4622086720865
鴨油,100,897,8.97
鴨皮,100,532,5.32
鴨翅,91.75,146,1.6397761194025
鴨肉,80.3076923076923,188.461538461538,2.31076923076846
鴨肝,93.3,122.6,1.388424242424
鴨肫,93.7777777777778,102.666666666667,1.11976386253422
鴨胰,100,117,1.17
鴨胸脯肉,100,90,0.9
鴨腸,100,129,1.29
鴨舌,90.25,245,2.841598360655
鴨蛋,87.8333333333333,162.666666666667,1.87149425287333
鴨蛋白,100,47,0.47
鴨蛋黃,100,367.666666666667,3.67666666666667
鴨血,105.909090909091,64.4166666666667,0.643112947658364
鴨賞,47.6666666666667,138.666666666667,3.16615384615333
鴨蹠草,100,32,0.32
鴯鶓肉柳,100,128.5,1.285
鴯鶓肉碎,100,148.5,1.485
鴯鶓臀肉,100,140,1.4
鴿,80.6666666666667,201,2.93523809523667
鴿蛋,100,79.5,0.96
鵝,87.6666666666667,249,2.96962962963
鵝仔白菜,100,13,0.13
鵝油卷,100,461,4.61
鵝肉,76.375,183.875,2.3110784313725
鵝肝,282.6,364.4,1.297058242844
鵝肝醬,100,462,4.62
鵝肫,100,100,1
鵝腸,100,272.5,1.29
鵝腿肉,100,189.5,2.92
鵝菜心,100,16,0.16
鵝蛋,97.4,187.6,1.934574712644
鵝蛋白,100,48,0.48
鵝蛋黃,100,324,3.24
鵝黃梨,100,39,0.39
鵪鶉,86,110,1.36551724138
鵪鶉皮蛋,100,126,1.58
鵪鶉肉,90.4,155.4,1.701692307692
鵪鶉蛋,81.6666666666667,115.785714285714,1.61473675330417
鵪鶉鐵蛋,100,261.5,4.36
鷹嘴豆,100,221.428571428571,2.21428571428571
鷹嘴豆粉,100,362,3.62
鹵煮雞,90,212,2.42285714285667
鹵豬雜,100,186,1.86
鹹牛肉,100,189.2,1.892
鹹牛肉前胸肉,100,224.5,2.245
鹹肉,100,388.333333333333,3.88333333333333
鹹菜,272,36,0.16009009009
鹹蛋,54.3333333333333,75.3333333333333,1.43126614987333
鹹豆漿,100,62.5,0.37
鹹馧仔,100,149.5,2.22
鹹鴨蛋,89.6,167.166666666667,1.831151515152
鹹鴨蛋黃,100,328.5,5.48
鹹麻薯,100,163,2.46
鹽,100,0,0
鹽水鴨,79,266.2,3.791227513228
鹿肉,100,123.333333333333,1.23333333333333
鹿肉碎,100,172,1.72
麒麟啤酒,350,147,0.42
麥乳精,100,429,4.29
麥克雞塊,92,276.25,2.8191731246
麥片,58.8333333333333,216.571428571429,3.78471014492833
麥瓶草,100,36,0.36
麥當勞薯條,NA,449,NA
麥當勞蘋果派,NA,250.5,NA
麥當勞麥香雞,NA,318,NA
麥當勞麥香魚,NA,337,NA
麥穗魚,81.5,84,1.086666666665
麥粉、麵粉,21.5,75,3.489130434785
麥芽油,100,899,8.99
麥芽糖,81,263.5,3.2683333333325
麥芽飲品,100,236,3.94
麥茶,4050,47,0.095
麥香堡,NA,558,NA
麥香雞,NA,451.25,NA
麥香雞堡,139,394.5,2.36690647482
麥香魚,NA,357.5,NA
麩皮,100,220,2.2
麵,84.5,237,2.33471014493
麵丸,40,55,1.375
麵包,100,343.5,3.435
麵包果子,100,179.5,1.795
麵包粉,100,223,3.72
麵條,79.2857142857143,217.625,2.85523809523786
麵筋,73.3333333333333,312.25,5.34
麵筋泡,20,120,6
麵線,78.1666666666667,223.571428571429,3.12393678161
麵腸,60,75,1.37
麵茶粉,100,249,4.15
麻婆豆腐,349,716,1.80576305221
麻婆豆腐蓋飯,605,658,1.09879776593
麻婆醬,100,103.5,1.89
麻油,52.5,324,8.91
麻油辣腐乳,100,52,0.95
麻油麵線,107.5,313,2.919264069265
麻烘糕,100,397,3.97
麻竹筍,100,22.3333333333333,0.23
麻花,100,524,5.24
麻辣醬,100,140,1.4
麻醉瓜,100,17,0.17
麻香糕,100,401,4.01
黃元帥蘋果,93.3333333333333,56.3333333333333,0.609166666666667
黃姑魚,81.5,135,1.740555555555
黃心木薯,100,132.5,1.325
黃心番薯,100,72.3333333333333,0.723333333333333
黃桃,100,55.5,0.555
黃毛籽,100,282,2.82
黃河蜜瓜,100,8,0.08
黃油,100,670.4,8.2675
黃油渣,100,599,5.99
黃玉豆,100,25.8,0.258
黃瓜,74.6666666666667,11.2857142857143,0.168364389233833
黃甜粟米,100,87.2,0.872
黃甜粟米濃湯,100,72,0.72
黃皮果,100,35,0.35
黃皮牛肝菌,100,24,0.24
黃秋葵,100,32.5,0.325
黃米,100,342,3.42
黃臘,100,123.5,1.9
黃花菜,99,199,2.01030612245
黃芽白,100,30.5,0.305
黃薑,100,42.5,0.425
黃蘑,98.1666666666667,122,1.254194756555
黃螺,100,106,1.06
黃豆,92.7272727272727,299.909090909091,3.19909090909091
黃豆粉,100,417,4.17
黃豆芽,100,43.25,0.4325
黃醬,100,134.2,1.342
黃金翠玉瓜,100,21,0.21
黃顙魚,100,124,1.24
黃香蕉蘋果,96,50.3333333333333,0.525606060606
黃魚,97,94.4,0.9722352941176
黃魴,100,81,0.81
黃鰭吞拿魚,100,123.5,1.235
黃鰭魚,76,124,1.81230769231
黃鱔,87.1428571428571,81,0.959011436326286
黃鱔絲,100,69,0.69
黑啤酒,282.5,120,0.4173441734415
黑巧克力,100,286.5,5.46
黑布冧,100,91,0.91
黑朱古力,100,531.6,5.316
黑棗,77.375,149.454545454545,12.15456632653
黑棗茶,100,78,0.46
黑洋酥,100,417,4.17
黑牛肝菌,100,29,0.29
黑瓜子,100,276.5,5.32
黑甜菜,100,26,0.26
黑筍,100,240.5,2.405
黑米,100,333,3.33
黑米漿,100,85,0.5
黑糖,71.6666666666667,248.666666666667,3.56333333333333
黑糯米,100,334.666666666667,3.575
黑線鱈魚,100,105,1.05
黑胡椒,100,309.5,3.095
黑胡椒粉,57.5,156.333333333333,3.775
黑芝麻,100,538,5.38
黑芝麻粉,100,321.5,5.96
黑芝麻糖,100,333,5.13
黑莓,100,60.2,0.602
黑豆,100,313.25,3.1325
黑豆漿,100,66,0.39
黑豆粉,100,269,4.56
黑豆茶,100,22,0.13
黑豆蔭油,100,70,1.28
黑車厘子,100,73.5,0.735
黑輪,55,93,1.74545454545
黑醋,100,91,0.91
黑醋栗,100,64,0.64
黑鯖河魨,100,52,0.77
黑鱈,100,234,2.34
黑麻香酥,100,436.5,4.365
龍延草,100,51.5,0.79
龍牙豆,100,17,0.17
龍眼,109.2,63.2,0.6482387267904
龍眼乾,100,234.5,2.92666666666667
龍蝦,74.6,86.2,1.267096555618
龍鬚菜,104.333333333333,38,0.349321533923333
龍鬚麵,100,350.5,3.505
龜苓茶,100,56,0.33
